//MACRO1 1
///ATTR 1,0,1,0,0,0,0,0
///JOB1 TPSi-R1
///JOB2
///ARGSET 1,0,0,0,0,0,0,0,0,0,0,0,0,0,0,0
///ARGTYPE KI,,,,,,,,,,,,,,,
///ALIAS 0,0,0,0,0,0,0,0,0,0,0,0,0,0,0,0
///COMMENT1
Job-Nr















///COMMENT2
1-1000















///TAGDISP 1,0,0,0,0,0,0,0,0,0,0,0,0,0,0,0
///TAGCOMM
Job-Nr.=















///TAGINIT
0,0,0,0,0,0,0,0
0,0,0,0,0,0,0,0
//MACRO1 2
///ATTR 1,0,1,0,0,0,0,0
///JOB1 TSYNC-R
///JOB2
///ARGSET 1,0,0,0,0,0,0,0,0,0,0,0,0,0,0,0
///ARGTYPE KB,,,,,,,,,,,,,,,
///ALIAS 0,0,0,0,0,0,0,0,0,0,0,0,0,0,0,0
///COMMENT1
















///COMMENT2
















///TAGDISP 1,0,0,0,0,0,0,0,0,0,0,0,0,0,0,0
///TAGCOMM
















///TAGINIT
0,0,0,0,0,0,0,0
0,0,0,0,0,0,0,0
//MACRO1 3
///ATTR 1,0,1,0,0,0,0,0
///JOB1 TPSi-R3
///JOB2
///ARGSET 1,0,0,0,0,0,0,0,0,0,0,0,0,0,0,0
///ARGTYPE KI,,,,,,,,,,,,,,,
///ALIAS 0,0,0,0,0,0,0,0,0,0,0,0,0,0,0,0
///COMMENT1
Job-Nr















///COMMENT2
1-1000















///TAGDISP 1,0,0,0,0,0,0,0,0,0,0,0,0,0,0,0
///TAGCOMM
Job-Nr.=















///TAGINIT
0,0,0,0,0,0,0,0
0,0,0,0,0,0,0,0
//MACRO1 4
///ATTR 1,0,1,0,0,0,0,0
///JOB1 TPSi-R4
///JOB2
///ARGSET 1,0,0,0,0,0,0,0,0,0,0,0,0,0,0,0
///ARGTYPE KI,,,,,,,,,,,,,,,
///ALIAS 0,0,0,0,0,0,0,0,0,0,0,0,0,0,0,0
///COMMENT1
Job-Nr















///COMMENT2
1-1000















///TAGDISP 1,0,0,0,0,0,0,0,0,0,0,0,0,0,0,0
///TAGCOMM
Job-Nr.=















///TAGINIT
0,0,0,0,0,0,0,0
0,0,0,0,0,0,0,0
//MACRO1 5
///ATTR 0,0,0,0,0,0,0,0
///JOB1
///JOB2
///ARGSET 0,0,0,0,0,0,0,0,0,0,0,0,0,0,0,0
///ARGTYPE ,,,,,,,,,,,,,,,
///ALIAS 0,0,0,0,0,0,0,0,0,0,0,0,0,0,0,0
///COMMENT1
















///COMMENT2
















///TAGDISP 0,0,0,0,0,0,0,0,0,0,0,0,0,0,0,0
///TAGCOMM
















///TAGINIT
0,0,0,0,0,0,0,0
0,0,0,0,0,0,0,0
//MACRO1 6
///ATTR 0,0,0,0,0,0,0,0
///JOB1
///JOB2
///ARGSET 0,0,0,0,0,0,0,0,0,0,0,0,0,0,0,0
///ARGTYPE ,,,,,,,,,,,,,,,
///ALIAS 0,0,0,0,0,0,0,0,0,0,0,0,0,0,0,0
///COMMENT1
















///COMMENT2
















///TAGDISP 0,0,0,0,0,0,0,0,0,0,0,0,0,0,0,0
///TAGCOMM
















///TAGINIT
0,0,0,0,0,0,0,0
0,0,0,0,0,0,0,0
//MACRO1 7
///ATTR 0,0,0,0,0,0,0,0
///JOB1
///JOB2
///ARGSET 0,0,0,0,0,0,0,0,0,0,0,0,0,0,0,0
///ARGTYPE ,,,,,,,,,,,,,,,
///ALIAS 0,0,0,0,0,0,0,0,0,0,0,0,0,0,0,0
///COMMENT1
















///COMMENT2
















///TAGDISP 0,0,0,0,0,0,0,0,0,0,0,0,0,0,0,0
///TAGCOMM
















///TAGINIT
0,0,0,0,0,0,0,0
0,0,0,0,0,0,0,0
//MACRO1 8
///ATTR 0,0,0,0,0,0,0,0
///JOB1
///JOB2
///ARGSET 0,0,0,0,0,0,0,0,0,0,0,0,0,0,0,0
///ARGTYPE ,,,,,,,,,,,,,,,
///ALIAS 0,0,0,0,0,0,0,0,0,0,0,0,0,0,0,0
///COMMENT1
















///COMMENT2
















///TAGDISP 0,0,0,0,0,0,0,0,0,0,0,0,0,0,0,0
///TAGCOMM
















///TAGINIT
0,0,0,0,0,0,0,0
0,0,0,0,0,0,0,0
//MACRO1 9
///ATTR 0,0,0,0,0,0,0,0
///JOB1
///JOB2
///ARGSET 0,0,0,0,0,0,0,0,0,0,0,0,0,0,0,0
///ARGTYPE ,,,,,,,,,,,,,,,
///ALIAS 0,0,0,0,0,0,0,0,0,0,0,0,0,0,0,0
///COMMENT1
















///COMMENT2
















///TAGDISP 0,0,0,0,0,0,0,0,0,0,0,0,0,0,0,0
///TAGCOMM
















///TAGINIT
0,0,0,0,0,0,0,0
0,0,0,0,0,0,0,0
//MACRO1 10
///ATTR 0,0,0,0,0,0,0,0
///JOB1
///JOB2
///ARGSET 0,0,0,0,0,0,0,0,0,0,0,0,0,0,0,0
///ARGTYPE ,,,,,,,,,,,,,,,
///ALIAS 0,0,0,0,0,0,0,0,0,0,0,0,0,0,0,0
///COMMENT1
















///COMMENT2
















///TAGDISP 0,0,0,0,0,0,0,0,0,0,0,0,0,0,0,0
///TAGCOMM
















///TAGINIT
0,0,0,0,0,0,0,0
0,0,0,0,0,0,0,0
//MACRO1 11
///ATTR 0,0,0,0,0,0,0,0
///JOB1
///JOB2
///ARGSET 0,0,0,0,0,0,0,0,0,0,0,0,0,0,0,0
///ARGTYPE ,,,,,,,,,,,,,,,
///ALIAS 0,0,0,0,0,0,0,0,0,0,0,0,0,0,0,0
///COMMENT1
















///COMMENT2
















///TAGDISP 0,0,0,0,0,0,0,0,0,0,0,0,0,0,0,0
///TAGCOMM
















///TAGINIT
0,0,0,0,0,0,0,0
0,0,0,0,0,0,0,0
//MACRO1 12
///ATTR 0,0,0,0,0,0,0,0
///JOB1
///JOB2
///ARGSET 0,0,0,0,0,0,0,0,0,0,0,0,0,0,0,0
///ARGTYPE ,,,,,,,,,,,,,,,
///ALIAS 0,0,0,0,0,0,0,0,0,0,0,0,0,0,0,0
///COMMENT1
















///COMMENT2
















///TAGDISP 0,0,0,0,0,0,0,0,0,0,0,0,0,0,0,0
///TAGCOMM
















///TAGINIT
0,0,0,0,0,0,0,0
0,0,0,0,0,0,0,0
//MACRO1 13
///ATTR 0,0,0,0,0,0,0,0
///JOB1
///JOB2
///ARGSET 0,0,0,0,0,0,0,0,0,0,0,0,0,0,0,0
///ARGTYPE ,,,,,,,,,,,,,,,
///ALIAS 0,0,0,0,0,0,0,0,0,0,0,0,0,0,0,0
///COMMENT1
















///COMMENT2
















///TAGDISP 0,0,0,0,0,0,0,0,0,0,0,0,0,0,0,0
///TAGCOMM
















///TAGINIT
0,0,0,0,0,0,0,0
0,0,0,0,0,0,0,0
//MACRO1 14
///ATTR 0,0,0,0,0,0,0,0
///JOB1
///JOB2
///ARGSET 0,0,0,0,0,0,0,0,0,0,0,0,0,0,0,0
///ARGTYPE ,,,,,,,,,,,,,,,
///ALIAS 0,0,0,0,0,0,0,0,0,0,0,0,0,0,0,0
///COMMENT1
















///COMMENT2
















///TAGDISP 0,0,0,0,0,0,0,0,0,0,0,0,0,0,0,0
///TAGCOMM
















///TAGINIT
0,0,0,0,0,0,0,0
0,0,0,0,0,0,0,0
//MACRO1 15
///ATTR 0,0,0,0,0,0,0,0
///JOB1
///JOB2
///ARGSET 0,0,0,0,0,0,0,0,0,0,0,0,0,0,0,0
///ARGTYPE ,,,,,,,,,,,,,,,
///ALIAS 0,0,0,0,0,0,0,0,0,0,0,0,0,0,0,0
///COMMENT1
















///COMMENT2
















///TAGDISP 0,0,0,0,0,0,0,0,0,0,0,0,0,0,0,0
///TAGCOMM
















///TAGINIT
0,0,0,0,0,0,0,0
0,0,0,0,0,0,0,0
//MACRO1 16
///ATTR 0,0,0,0,0,0,0,0
///JOB1
///JOB2
///ARGSET 0,0,0,0,0,0,0,0,0,0,0,0,0,0,0,0
///ARGTYPE ,,,,,,,,,,,,,,,
///ALIAS 0,0,0,0,0,0,0,0,0,0,0,0,0,0,0,0
///COMMENT1
















///COMMENT2
















///TAGDISP 0,0,0,0,0,0,0,0,0,0,0,0,0,0,0,0
///TAGCOMM
















///TAGINIT
0,0,0,0,0,0,0,0
0,0,0,0,0,0,0,0
//MACRO1 17
///ATTR 0,0,0,0,0,0,0,0
///JOB1
///JOB2
///ARGSET 0,0,0,0,0,0,0,0,0,0,0,0,0,0,0,0
///ARGTYPE ,,,,,,,,,,,,,,,
///ALIAS 0,0,0,0,0,0,0,0,0,0,0,0,0,0,0,0
///COMMENT1
















///COMMENT2
















///TAGDISP 0,0,0,0,0,0,0,0,0,0,0,0,0,0,0,0
///TAGCOMM
















///TAGINIT
0,0,0,0,0,0,0,0
0,0,0,0,0,0,0,0
//MACRO1 18
///ATTR 0,0,0,0,0,0,0,0
///JOB1
///JOB2
///ARGSET 0,0,0,0,0,0,0,0,0,0,0,0,0,0,0,0
///ARGTYPE ,,,,,,,,,,,,,,,
///ALIAS 0,0,0,0,0,0,0,0,0,0,0,0,0,0,0,0
///COMMENT1
















///COMMENT2
















///TAGDISP 0,0,0,0,0,0,0,0,0,0,0,0,0,0,0,0
///TAGCOMM
















///TAGINIT
0,0,0,0,0,0,0,0
0,0,0,0,0,0,0,0
//MACRO1 19
///ATTR 0,0,0,0,0,0,0,0
///JOB1
///JOB2
///ARGSET 0,0,0,0,0,0,0,0,0,0,0,0,0,0,0,0
///ARGTYPE ,,,,,,,,,,,,,,,
///ALIAS 0,0,0,0,0,0,0,0,0,0,0,0,0,0,0,0
///COMMENT1
















///COMMENT2
















///TAGDISP 0,0,0,0,0,0,0,0,0,0,0,0,0,0,0,0
///TAGCOMM
















///TAGINIT
0,0,0,0,0,0,0,0
0,0,0,0,0,0,0,0
//MACRO1 20
///ATTR 1,0,1,0,0,0,0,0
///JOB1 ER_R3
///JOB2
///ARGSET 1,0,0,0,0,0,0,0,0,0,0,0,0,0,0,0
///ARGTYPE STR,,,,,,,,,,,,,,,
///ALIAS 0,0,0,0,0,0,0,0,0,0,0,0,0,0,0,0
///COMMENT1
REC SETTING:















///COMMENT2
ON/OFF















///TAGDISP 1,0,0,0,0,0,0,0,0,0,0,0,0,0,0,0
///TAGCOMM
REC: 















///TAGINIT
0,0,0,0,0,0,0,0
0,0,0,0,0,0,0,0
//MACRO1 21
///ATTR 1,0,1,0,0,0,0,0
///JOB1 ER_R4
///JOB2
///ARGSET 1,0,0,0,0,0,0,0,0,0,0,0,0,0,0,0
///ARGTYPE STR,,,,,,,,,,,,,,,
///ALIAS 0,0,0,0,0,0,0,0,0,0,0,0,0,0,0,0
///COMMENT1
REC SETTING:















///COMMENT2
ON/OFF















///TAGDISP 1,0,0,0,0,0,0,0,0,0,0,0,0,0,0,0
///TAGCOMM
REC: 















///TAGINIT
0,0,0,0,0,0,0,0
0,0,0,0,0,0,0,0
//MACRO1 22
///ATTR 1,0,0,0,0,0,0,0
///JOB1 ER_R3_ER
///JOB2
///ARGSET 0,0,0,0,0,0,0,0,0,0,0,0,0,0,0,0
///ARGTYPE ,,,,,,,,,,,,,,,
///ALIAS 0,0,0,0,0,0,0,0,0,0,0,0,0,0,0,0
///COMMENT1
















///COMMENT2
















///TAGDISP 0,0,0,0,0,0,0,0,0,0,0,0,0,0,0,0
///TAGCOMM
















///TAGINIT
0,0,0,0,0,0,0,0
0,0,0,0,0,0,0,0
//MACRO1 23
///ATTR 1,0,0,0,0,0,0,0
///JOB1 ER_R4_ER
///JOB2
///ARGSET 0,0,0,0,0,0,0,0,0,0,0,0,0,0,0,0
///ARGTYPE ,,,,,,,,,,,,,,,
///ALIAS 0,0,0,0,0,0,0,0,0,0,0,0,0,0,0,0
///COMMENT1
















///COMMENT2
















///TAGDISP 0,0,0,0,0,0,0,0,0,0,0,0,0,0,0,0
///TAGCOMM
















///TAGINIT
0,0,0,0,0,0,0,0
0,0,0,0,0,0,0,0
//MACRO1 24
///ATTR 1,0,1,0,0,0,0,0
///JOB1 ER_R3_OL
///JOB2
///ARGSET 1,0,0,0,0,0,0,0,0,0,0,0,0,0,0,0
///ARGTYPE KI,,,,,,,,,,,,,,,
///ALIAS 0,0,0,0,0,0,0,0,0,0,0,0,0,0,0,0
///COMMENT1
Overlap Setting:















///COMMENT2
0-20[mm]















///TAGDISP 1,0,0,0,0,0,0,0,0,0,0,0,0,0,0,0
///TAGCOMM
Overlap:















///TAGINIT
0,0,0,0,0,0,0,0
0,0,0,0,0,0,0,0
//MACRO1 25
///ATTR 1,0,1,0,0,0,0,0
///JOB1 ER_R4_OL
///JOB2
///ARGSET 1,0,0,0,0,0,0,0,0,0,0,0,0,0,0,0
///ARGTYPE KI,,,,,,,,,,,,,,,
///ALIAS 0,0,0,0,0,0,0,0,0,0,0,0,0,0,0,0
///COMMENT1
Overlap Setting:















///COMMENT2
0-20[mm]















///TAGDISP 1,0,0,0,0,0,0,0,0,0,0,0,0,0,0,0
///TAGCOMM
Overlap:















///TAGINIT
0,0,0,0,0,0,0,0
0,0,0,0,0,0,0,0
//MACRO1 26
///ATTR 1,0,1,0,0,0,0,0
///JOB1 ER_MODE
///JOB2
///ARGSET 1,0,0,0,0,0,0,0,0,0,0,0,0,0,0,0
///ARGTYPE STR,,,,,,,,,,,,,,,
///ALIAS 0,0,0,0,0,0,0,0,0,0,0,0,0,0,0,0
///COMMENT1
Select EH-Mode:















///COMMENT2
MODE















///TAGDISP 1,0,0,0,0,0,0,0,0,0,0,0,0,0,0,0
///TAGCOMM
MODE: 















///TAGINIT
0,0,0,0,0,0,0,0
0,0,0,0,0,0,0,0
//MACRO1 27
///ATTR 1,0,1,0,0,0,0,0
///JOB1 ER_R1
///JOB2
///ARGSET 1,0,0,0,0,0,0,0,0,0,0,0,0,0,0,0
///ARGTYPE STR,,,,,,,,,,,,,,,
///ALIAS 0,0,0,0,0,0,0,0,0,0,0,0,0,0,0,0
///COMMENT1
REC SETTING:















///COMMENT2
ON/OFF















///TAGDISP 1,0,0,0,0,0,0,0,0,0,0,0,0,0,0,0
///TAGCOMM
REC: 















///TAGINIT
0,0,0,0,0,0,0,0
0,0,0,0,0,0,0,0
//MACRO1 28
///ATTR 1,0,1,0,0,0,0,0
///JOB1 ER_R2
///JOB2
///ARGSET 1,0,0,0,0,0,0,0,0,0,0,0,0,0,0,0
///ARGTYPE STR,,,,,,,,,,,,,,,
///ALIAS 0,0,0,0,0,0,0,0,0,0,0,0,0,0,0,0
///COMMENT1
REC SETTING:















///COMMENT2
ON/OFF















///TAGDISP 1,0,0,0,0,0,0,0,0,0,0,0,0,0,0,0
///TAGCOMM
REC: 















///TAGINIT
0,0,0,0,0,0,0,0
0,0,0,0,0,0,0,0
//MACRO1 29
///ATTR 1,0,0,0,0,0,0,0
///JOB1 ER_R1_ER
///JOB2
///ARGSET 0,0,0,0,0,0,0,0,0,0,0,0,0,0,0,0
///ARGTYPE ,,,,,,,,,,,,,,,
///ALIAS 0,0,0,0,0,0,0,0,0,0,0,0,0,0,0,0
///COMMENT1
















///COMMENT2
















///TAGDISP 0,0,0,0,0,0,0,0,0,0,0,0,0,0,0,0
///TAGCOMM
















///TAGINIT
0,0,0,0,0,0,0,0
0,0,0,0,0,0,0,0
//MACRO1 30
///ATTR 1,0,0,0,0,0,0,0
///JOB1 ER_R2_ER
///JOB2
///ARGSET 0,0,0,0,0,0,0,0,0,0,0,0,0,0,0,0
///ARGTYPE ,,,,,,,,,,,,,,,
///ALIAS 0,0,0,0,0,0,0,0,0,0,0,0,0,0,0,0
///COMMENT1
















///COMMENT2
















///TAGDISP 0,0,0,0,0,0,0,0,0,0,0,0,0,0,0,0
///TAGCOMM
















///TAGINIT
0,0,0,0,0,0,0,0
0,0,0,0,0,0,0,0
//MACRO1 31
///ATTR 1,0,1,0,0,0,0,0
///JOB1 ER_R1_OL
///JOB2
///ARGSET 1,0,0,0,0,0,0,0,0,0,0,0,0,0,0,0
///ARGTYPE KI,,,,,,,,,,,,,,,
///ALIAS 0,0,0,0,0,0,0,0,0,0,0,0,0,0,0,0
///COMMENT1
Overlap Setting:















///COMMENT2
0-20[mm]















///TAGDISP 1,0,0,0,0,0,0,0,0,0,0,0,0,0,0,0
///TAGCOMM
Overlap:















///TAGINIT
0,0,0,0,0,0,0,0
0,0,0,0,0,0,0,0
//MACRO1 32
///ATTR 1,0,1,0,0,0,0,0
///JOB1 ER_R2_OL
///JOB2
///ARGSET 1,0,0,0,0,0,0,0,0,0,0,0,0,0,0,0
///ARGTYPE KI,,,,,,,,,,,,,,,
///ALIAS 0,0,0,0,0,0,0,0,0,0,0,0,0,0,0,0
///COMMENT1
Overlap Setting:















///COMMENT2
0-20[mm]















///TAGDISP 1,0,0,0,0,0,0,0,0,0,0,0,0,0,0,0
///TAGCOMM
Overlap:















///TAGINIT
0,0,0,0,0,0,0,0
0,0,0,0,0,0,0,0
//MACRO2 1
///ATTR 0,0,0,0,0,0,0,0
///JOB1
///JOB2
///ARGSET 0,0,0,0,0,0,0,0,0,0,0,0,0,0,0,0
///ARGTYPE ,,,,,,,,,,,,,,,
///ALIAS 0,0,0,0,0,0,0,0,0,0,0,0,0,0,0,0
///COMMENT1
















///COMMENT2
















///TAGDISP 1,0,0,0,0,0,0,0,0,0,0,0,0,0,0,0
///TAGCOMM
















///TAGINIT
0,0,0,0,0,0,0,0
0,0,0,0,0,0,0,0
//MACRO2 2
///ATTR 0,0,0,0,0,0,0,0
///JOB1
///JOB2
///ARGSET 0,0,0,0,0,0,0,0,0,0,0,0,0,0,0,0
///ARGTYPE ,,,,,,,,,,,,,,,
///ALIAS 0,0,0,0,0,0,0,0,0,0,0,0,0,0,0,0
///COMMENT1
















///COMMENT2
















///TAGDISP 0,0,0,0,0,0,0,0,0,0,0,0,0,0,0,0
///TAGCOMM
















///TAGINIT
0,0,0,0,0,0,0,0
0,0,0,0,0,0,0,0
//MACRO2 3
///ATTR 0,0,0,0,0,0,0,0
///JOB1
///JOB2
///ARGSET 0,0,0,0,0,0,0,0,0,0,0,0,0,0,0,0
///ARGTYPE ,,,,,,,,,,,,,,,
///ALIAS 0,0,0,0,0,0,0,0,0,0,0,0,0,0,0,0
///COMMENT1
















///COMMENT2
















///TAGDISP 0,0,0,0,0,0,0,0,0,0,0,0,0,0,0,0
///TAGCOMM
















///TAGINIT
0,0,0,0,0,0,0,0
0,0,0,0,0,0,0,0
//MACRO2 4
///ATTR 0,0,0,0,0,0,0,0
///JOB1
///JOB2
///ARGSET 0,0,0,0,0,0,0,0,0,0,0,0,0,0,0,0
///ARGTYPE ,,,,,,,,,,,,,,,
///ALIAS 0,0,0,0,0,0,0,0,0,0,0,0,0,0,0,0
///COMMENT1
















///COMMENT2
















///TAGDISP 0,0,0,0,0,0,0,0,0,0,0,0,0,0,0,0
///TAGCOMM
















///TAGINIT
0,0,0,0,0,0,0,0
0,0,0,0,0,0,0,0
//MACRO2 5
///ATTR 0,0,0,0,0,0,0,0
///JOB1
///JOB2
///ARGSET 0,0,0,0,0,0,0,0,0,0,0,0,0,0,0,0
///ARGTYPE ,,,,,,,,,,,,,,,
///ALIAS 0,0,0,0,0,0,0,0,0,0,0,0,0,0,0,0
///COMMENT1
















///COMMENT2
















///TAGDISP 0,0,0,0,0,0,0,0,0,0,0,0,0,0,0,0
///TAGCOMM
















///TAGINIT
0,0,0,0,0,0,0,0
0,0,0,0,0,0,0,0
//MACRO2 6
///ATTR 0,0,0,0,0,0,0,0
///JOB1
///JOB2
///ARGSET 0,0,0,0,0,0,0,0,0,0,0,0,0,0,0,0
///ARGTYPE ,,,,,,,,,,,,,,,
///ALIAS 0,0,0,0,0,0,0,0,0,0,0,0,0,0,0,0
///COMMENT1
















///COMMENT2
















///TAGDISP 0,0,0,0,0,0,0,0,0,0,0,0,0,0,0,0
///TAGCOMM
















///TAGINIT
0,0,0,0,0,0,0,0
0,0,0,0,0,0,0,0
//MACRO2 7
///ATTR 0,0,0,0,0,0,0,0
///JOB1
///JOB2
///ARGSET 0,0,0,0,0,0,0,0,0,0,0,0,0,0,0,0
///ARGTYPE ,,,,,,,,,,,,,,,
///ALIAS 0,0,0,0,0,0,0,0,0,0,0,0,0,0,0,0
///COMMENT1
















///COMMENT2
















///TAGDISP 0,0,0,0,0,0,0,0,0,0,0,0,0,0,0,0
///TAGCOMM
















///TAGINIT
0,0,0,0,0,0,0,0
0,0,0,0,0,0,0,0
//MACRO2 8
///ATTR 0,0,0,0,0,0,0,0
///JOB1
///JOB2
///ARGSET 0,0,0,0,0,0,0,0,0,0,0,0,0,0,0,0
///ARGTYPE ,,,,,,,,,,,,,,,
///ALIAS 0,0,0,0,0,0,0,0,0,0,0,0,0,0,0,0
///COMMENT1
















///COMMENT2
















///TAGDISP 0,0,0,0,0,0,0,0,0,0,0,0,0,0,0,0
///TAGCOMM
















///TAGINIT
0,0,0,0,0,0,0,0
0,0,0,0,0,0,0,0
//MACRO2 9
///ATTR 0,0,0,0,0,0,0,0
///JOB1
///JOB2
///ARGSET 0,0,0,0,0,0,0,0,0,0,0,0,0,0,0,0
///ARGTYPE ,,,,,,,,,,,,,,,
///ALIAS 0,0,0,0,0,0,0,0,0,0,0,0,0,0,0,0
///COMMENT1
















///COMMENT2
















///TAGDISP 0,0,0,0,0,0,0,0,0,0,0,0,0,0,0,0
///TAGCOMM
















///TAGINIT
0,0,0,0,0,0,0,0
0,0,0,0,0,0,0,0
//MACRO2 10
///ATTR 0,0,0,0,0,0,0,0
///JOB1
///JOB2
///ARGSET 0,0,0,0,0,0,0,0,0,0,0,0,0,0,0,0
///ARGTYPE ,,,,,,,,,,,,,,,
///ALIAS 0,0,0,0,0,0,0,0,0,0,0,0,0,0,0,0
///COMMENT1
















///COMMENT2
















///TAGDISP 0,0,0,0,0,0,0,0,0,0,0,0,0,0,0,0
///TAGCOMM
















///TAGINIT
0,0,0,0,0,0,0,0
0,0,0,0,0,0,0,0
//MACRO2 11
///ATTR 0,0,0,0,0,0,0,0
///JOB1
///JOB2
///ARGSET 0,0,0,0,0,0,0,0,0,0,0,0,0,0,0,0
///ARGTYPE ,,,,,,,,,,,,,,,
///ALIAS 0,0,0,0,0,0,0,0,0,0,0,0,0,0,0,0
///COMMENT1
















///COMMENT2
















///TAGDISP 0,0,0,0,0,0,0,0,0,0,0,0,0,0,0,0
///TAGCOMM
















///TAGINIT
0,0,0,0,0,0,0,0
0,0,0,0,0,0,0,0
//MACRO2 12
///ATTR 0,0,0,0,0,0,0,0
///JOB1
///JOB2
///ARGSET 0,0,0,0,0,0,0,0,0,0,0,0,0,0,0,0
///ARGTYPE ,,,,,,,,,,,,,,,
///ALIAS 0,0,0,0,0,0,0,0,0,0,0,0,0,0,0,0
///COMMENT1
















///COMMENT2
















///TAGDISP 0,0,0,0,0,0,0,0,0,0,0,0,0,0,0,0
///TAGCOMM
















///TAGINIT
0,0,0,0,0,0,0,0
0,0,0,0,0,0,0,0
//MACRO2 13
///ATTR 0,0,0,0,0,0,0,0
///JOB1
///JOB2
///ARGSET 0,0,0,0,0,0,0,0,0,0,0,0,0,0,0,0
///ARGTYPE ,,,,,,,,,,,,,,,
///ALIAS 0,0,0,0,0,0,0,0,0,0,0,0,0,0,0,0
///COMMENT1
















///COMMENT2
















///TAGDISP 0,0,0,0,0,0,0,0,0,0,0,0,0,0,0,0
///TAGCOMM
















///TAGINIT
0,0,0,0,0,0,0,0
0,0,0,0,0,0,0,0
//MACRO2 14
///ATTR 0,0,0,0,0,0,0,0
///JOB1
///JOB2
///ARGSET 0,0,0,0,0,0,0,0,0,0,0,0,0,0,0,0
///ARGTYPE ,,,,,,,,,,,,,,,
///ALIAS 0,0,0,0,0,0,0,0,0,0,0,0,0,0,0,0
///COMMENT1
















///COMMENT2
















///TAGDISP 0,0,0,0,0,0,0,0,0,0,0,0,0,0,0,0
///TAGCOMM
















///TAGINIT
0,0,0,0,0,0,0,0
0,0,0,0,0,0,0,0
//MACRO2 15
///ATTR 0,0,0,0,0,0,0,0
///JOB1
///JOB2
///ARGSET 0,0,0,0,0,0,0,0,0,0,0,0,0,0,0,0
///ARGTYPE ,,,,,,,,,,,,,,,
///ALIAS 0,0,0,0,0,0,0,0,0,0,0,0,0,0,0,0
///COMMENT1
















///COMMENT2
















///TAGDISP 0,0,0,0,0,0,0,0,0,0,0,0,0,0,0,0
///TAGCOMM
















///TAGINIT
0,0,0,0,0,0,0,0
0,0,0,0,0,0,0,0
//MACRO2 16
///ATTR 0,0,0,0,0,0,0,0
///JOB1
///JOB2
///ARGSET 0,0,0,0,0,0,0,0,0,0,0,0,0,0,0,0
///ARGTYPE ,,,,,,,,,,,,,,,
///ALIAS 0,0,0,0,0,0,0,0,0,0,0,0,0,0,0,0
///COMMENT1
















///COMMENT2
















///TAGDISP 0,0,0,0,0,0,0,0,0,0,0,0,0,0,0,0
///TAGCOMM
















///TAGINIT
0,0,0,0,0,0,0,0
0,0,0,0,0,0,0,0
//MACRO2 17
///ATTR 0,0,0,0,0,0,0,0
///JOB1
///JOB2
///ARGSET 0,0,0,0,0,0,0,0,0,0,0,0,0,0,0,0
///ARGTYPE ,,,,,,,,,,,,,,,
///ALIAS 0,0,0,0,0,0,0,0,0,0,0,0,0,0,0,0
///COMMENT1
















///COMMENT2
















///TAGDISP 0,0,0,0,0,0,0,0,0,0,0,0,0,0,0,0
///TAGCOMM
















///TAGINIT
0,0,0,0,0,0,0,0
0,0,0,0,0,0,0,0
//MACRO2 18
///ATTR 0,0,0,0,0,0,0,0
///JOB1
///JOB2
///ARGSET 0,0,0,0,0,0,0,0,0,0,0,0,0,0,0,0
///ARGTYPE ,,,,,,,,,,,,,,,
///ALIAS 0,0,0,0,0,0,0,0,0,0,0,0,0,0,0,0
///COMMENT1
















///COMMENT2
















///TAGDISP 0,0,0,0,0,0,0,0,0,0,0,0,0,0,0,0
///TAGCOMM
















///TAGINIT
0,0,0,0,0,0,0,0
0,0,0,0,0,0,0,0
//MACRO2 19
///ATTR 0,0,0,0,0,0,0,0
///JOB1
///JOB2
///ARGSET 0,0,0,0,0,0,0,0,0,0,0,0,0,0,0,0
///ARGTYPE ,,,,,,,,,,,,,,,
///ALIAS 0,0,0,0,0,0,0,0,0,0,0,0,0,0,0,0
///COMMENT1
















///COMMENT2
















///TAGDISP 0,0,0,0,0,0,0,0,0,0,0,0,0,0,0,0
///TAGCOMM
















///TAGINIT
0,0,0,0,0,0,0,0
0,0,0,0,0,0,0,0
//MACRO2 20
///ATTR 0,0,0,0,0,0,0,0
///JOB1
///JOB2
///ARGSET 0,0,0,0,0,0,0,0,0,0,0,0,0,0,0,0
///ARGTYPE ,,,,,,,,,,,,,,,
///ALIAS 0,0,0,0,0,0,0,0,0,0,0,0,0,0,0,0
///COMMENT1
















///COMMENT2
















///TAGDISP 0,0,0,0,0,0,0,0,0,0,0,0,0,0,0,0
///TAGCOMM
















///TAGINIT
0,0,0,0,0,0,0,0
0,0,0,0,0,0,0,0
//MACRO2 21
///ATTR 0,0,0,0,0,0,0,0
///JOB1
///JOB2
///ARGSET 0,0,0,0,0,0,0,0,0,0,0,0,0,0,0,0
///ARGTYPE ,,,,,,,,,,,,,,,
///ALIAS 0,0,0,0,0,0,0,0,0,0,0,0,0,0,0,0
///COMMENT1
















///COMMENT2
















///TAGDISP 0,0,0,0,0,0,0,0,0,0,0,0,0,0,0,0
///TAGCOMM
















///TAGINIT
0,0,0,0,0,0,0,0
0,0,0,0,0,0,0,0
//MACRO2 22
///ATTR 0,0,0,0,0,0,0,0
///JOB1
///JOB2
///ARGSET 0,0,0,0,0,0,0,0,0,0,0,0,0,0,0,0
///ARGTYPE ,,,,,,,,,,,,,,,
///ALIAS 0,0,0,0,0,0,0,0,0,0,0,0,0,0,0,0
///COMMENT1
















///COMMENT2
















///TAGDISP 0,0,0,0,0,0,0,0,0,0,0,0,0,0,0,0
///TAGCOMM
















///TAGINIT
0,0,0,0,0,0,0,0
0,0,0,0,0,0,0,0
//MACRO2 23
///ATTR 0,0,0,0,0,0,0,0
///JOB1
///JOB2
///ARGSET 0,0,0,0,0,0,0,0,0,0,0,0,0,0,0,0
///ARGTYPE ,,,,,,,,,,,,,,,
///ALIAS 0,0,0,0,0,0,0,0,0,0,0,0,0,0,0,0
///COMMENT1
















///COMMENT2
















///TAGDISP 0,0,0,0,0,0,0,0,0,0,0,0,0,0,0,0
///TAGCOMM
















///TAGINIT
0,0,0,0,0,0,0,0
0,0,0,0,0,0,0,0
//MACRO2 24
///ATTR 0,0,0,0,0,0,0,0
///JOB1
///JOB2
///ARGSET 0,0,0,0,0,0,0,0,0,0,0,0,0,0,0,0
///ARGTYPE ,,,,,,,,,,,,,,,
///ALIAS 0,0,0,0,0,0,0,0,0,0,0,0,0,0,0,0
///COMMENT1
















///COMMENT2
















///TAGDISP 0,0,0,0,0,0,0,0,0,0,0,0,0,0,0,0
///TAGCOMM
















///TAGINIT
0,0,0,0,0,0,0,0
0,0,0,0,0,0,0,0
//MACRO2 25
///ATTR 0,0,0,0,0,0,0,0
///JOB1
///JOB2
///ARGSET 0,0,0,0,0,0,0,0,0,0,0,0,0,0,0,0
///ARGTYPE ,,,,,,,,,,,,,,,
///ALIAS 0,0,0,0,0,0,0,0,0,0,0,0,0,0,0,0
///COMMENT1
















///COMMENT2
















///TAGDISP 0,0,0,0,0,0,0,0,0,0,0,0,0,0,0,0
///TAGCOMM
















///TAGINIT
0,0,0,0,0,0,0,0
0,0,0,0,0,0,0,0
//MACRO2 26
///ATTR 0,0,0,0,0,0,0,0
///JOB1
///JOB2
///ARGSET 0,0,0,0,0,0,0,0,0,0,0,0,0,0,0,0
///ARGTYPE ,,,,,,,,,,,,,,,
///ALIAS 0,0,0,0,0,0,0,0,0,0,0,0,0,0,0,0
///COMMENT1
















///COMMENT2
















///TAGDISP 0,0,0,0,0,0,0,0,0,0,0,0,0,0,0,0
///TAGCOMM
















///TAGINIT
0,0,0,0,0,0,0,0
0,0,0,0,0,0,0,0
//MACRO2 27
///ATTR 0,0,0,0,0,0,0,0
///JOB1
///JOB2
///ARGSET 0,0,0,0,0,0,0,0,0,0,0,0,0,0,0,0
///ARGTYPE ,,,,,,,,,,,,,,,
///ALIAS 0,0,0,0,0,0,0,0,0,0,0,0,0,0,0,0
///COMMENT1
















///COMMENT2
















///TAGDISP 0,0,0,0,0,0,0,0,0,0,0,0,0,0,0,0
///TAGCOMM
















///TAGINIT
0,0,0,0,0,0,0,0
0,0,0,0,0,0,0,0
//MACRO2 28
///ATTR 0,0,0,0,0,0,0,0
///JOB1
///JOB2
///ARGSET 0,0,0,0,0,0,0,0,0,0,0,0,0,0,0,0
///ARGTYPE ,,,,,,,,,,,,,,,
///ALIAS 0,0,0,0,0,0,0,0,0,0,0,0,0,0,0,0
///COMMENT1
















///COMMENT2
















///TAGDISP 0,0,0,0,0,0,0,0,0,0,0,0,0,0,0,0
///TAGCOMM
















///TAGINIT
0,0,0,0,0,0,0,0
0,0,0,0,0,0,0,0
//MACRO2 29
///ATTR 0,0,0,0,0,0,0,0
///JOB1
///JOB2
///ARGSET 0,0,0,0,0,0,0,0,0,0,0,0,0,0,0,0
///ARGTYPE ,,,,,,,,,,,,,,,
///ALIAS 0,0,0,0,0,0,0,0,0,0,0,0,0,0,0,0
///COMMENT1
















///COMMENT2
















///TAGDISP 0,0,0,0,0,0,0,0,0,0,0,0,0,0,0,0
///TAGCOMM
















///TAGINIT
0,0,0,0,0,0,0,0
0,0,0,0,0,0,0,0
//MACRO2 30
///ATTR 0,0,0,0,0,0,0,0
///JOB1
///JOB2
///ARGSET 0,0,0,0,0,0,0,0,0,0,0,0,0,0,0,0
///ARGTYPE ,,,,,,,,,,,,,,,
///ALIAS 0,0,0,0,0,0,0,0,0,0,0,0,0,0,0,0
///COMMENT1
















///COMMENT2
















///TAGDISP 0,0,0,0,0,0,0,0,0,0,0,0,0,0,0,0
///TAGCOMM
















///TAGINIT
0,0,0,0,0,0,0,0
0,0,0,0,0,0,0,0
//MACRO2 31
///ATTR 0,0,0,0,0,0,0,0
///JOB1
///JOB2
///ARGSET 0,0,0,0,0,0,0,0,0,0,0,0,0,0,0,0
///ARGTYPE ,,,,,,,,,,,,,,,
///ALIAS 0,0,0,0,0,0,0,0,0,0,0,0,0,0,0,0
///COMMENT1
















///COMMENT2
















///TAGDISP 0,0,0,0,0,0,0,0,0,0,0,0,0,0,0,0
///TAGCOMM
















///TAGINIT
0,0,0,0,0,0,0,0
0,0,0,0,0,0,0,0
//MACRO2 32
///ATTR 0,0,0,0,0,0,0,0
///JOB1
///JOB2
///ARGSET 0,0,0,0,0,0,0,0,0,0,0,0,0,0,0,0
///ARGTYPE ,,,,,,,,,,,,,,,
///ALIAS 0,0,0,0,0,0,0,0,0,0,0,0,0,0,0,0
///COMMENT1
















///COMMENT2
















///TAGDISP 0,0,0,0,0,0,0,0,0,0,0,0,0,0,0,0
///TAGCOMM
















///TAGINIT
0,0,0,0,0,0,0,0
0,0,0,0,0,0,0,0
