//TOOLINTF 0
///CRC 4026325479
0,0,0
0,0,520
100,100
0,0,0
0,0,0
0,0
0,0,0
0,0,0
0,0
0,0,0
0,0,0
0,0
0,0,0
0,0,0
0,0
//TOOLINTF 1
///CRC 4026325479
0,0,0
0,0,520
100,100
0,0,0
0,0,0
0,0
0,0,0
0,0,0
0,0
0,0,0
0,0,0
0,0
0,0,0
0,0,0
0,0
//TOOLINTF 2
///CRC 4026325479
0,0,0
0,0,520
100,100
0,0,0
0,0,0
0,0
0,0,0
0,0,0
0,0
0,0,0
0,0,0
0,0
0,0,0
0,0,0
0,0
//TOOLINTF 3
///CRC 4026325479
0,0,0
0,0,520
100,100
0,0,0
0,0,0
0,0
0,0,0
0,0,0
0,0
0,0,0
0,0,0
0,0
0,0,0
0,0,0
0,0
//TOOLINTF 4
///CRC 4026325479
0,0,0
0,0,520
100,100
0,0,0
0,0,0
0,0
0,0,0
0,0,0
0,0
0,0,0
0,0,0
0,0
0,0,0
0,0,0
0,0
//TOOLINTF 5
///CRC 4026325479
0,0,0
0,0,520
100,100
0,0,0
0,0,0
0,0
0,0,0
0,0,0
0,0
0,0,0
0,0,0
0,0
0,0,0
0,0,0
0,0
//TOOLINTF 6
///CRC 4026325479
0,0,0
0,0,520
100,100
0,0,0
0,0,0
0,0
0,0,0
0,0,0
0,0
0,0,0
0,0,0
0,0
0,0,0
0,0,0
0,0
//TOOLINTF 7
///CRC 4026325479
0,0,0
0,0,520
100,100
0,0,0
0,0,0
0,0
0,0,0
0,0,0
0,0
0,0,0
0,0,0
0,0
0,0,0
0,0,0
0,0
//TOOLINTF 8
///CRC 4026325479
0,0,0
0,0,520
100,100
0,0,0
0,0,0
0,0
0,0,0
0,0,0
0,0
0,0,0
0,0,0
0,0
0,0,0
0,0,0
0,0
//TOOLINTF 9
///CRC 4026325479
0,0,0
0,0,520
100,100
0,0,0
0,0,0
0,0
0,0,0
0,0,0
0,0
0,0,0
0,0,0
0,0
0,0,0
0,0,0
0,0
//TOOLINTF 10
///CRC 4026325479
0,0,0
0,0,520
100,100
0,0,0
0,0,0
0,0
0,0,0
0,0,0
0,0
0,0,0
0,0,0
0,0
0,0,0
0,0,0
0,0
//TOOLINTF 11
///CRC 4026325479
0,0,0
0,0,520
100,100
0,0,0
0,0,0
0,0
0,0,0
0,0,0
0,0
0,0,0
0,0,0
0,0
0,0,0
0,0,0
0,0
//TOOLINTF 12
///CRC 4026325479
0,0,0
0,0,520
100,100
0,0,0
0,0,0
0,0
0,0,0
0,0,0
0,0
0,0,0
0,0,0
0,0
0,0,0
0,0,0
0,0
//TOOLINTF 13
///CRC 4026325479
0,0,0
0,0,520
100,100
0,0,0
0,0,0
0,0
0,0,0
0,0,0
0,0
0,0,0
0,0,0
0,0
0,0,0
0,0,0
0,0
//TOOLINTF 14
///CRC 4026325479
0,0,0
0,0,520
100,100
0,0,0
0,0,0
0,0
0,0,0
0,0,0
0,0
0,0,0
0,0,0
0,0
0,0,0
0,0,0
0,0
//TOOLINTF 15
///CRC 4026325479
0,0,0
0,0,520
100,100
0,0,0
0,0,0
0,0
0,0,0
0,0,0
0,0
0,0,0
0,0,0
0,0
0,0,0
0,0,0
0,0
//TOOLINTF 16
///CRC 4026325479
0,0,0
0,0,520
100,100
0,0,0
0,0,0
0,0
0,0,0
0,0,0
0,0
0,0,0
0,0,0
0,0
0,0,0
0,0,0
0,0
//TOOLINTF 17
///CRC 4026325479
0,0,0
0,0,520
100,100
0,0,0
0,0,0
0,0
0,0,0
0,0,0
0,0
0,0,0
0,0,0
0,0
0,0,0
0,0,0
0,0
//TOOLINTF 18
///CRC 4026325479
0,0,0
0,0,520
100,100
0,0,0
0,0,0
0,0
0,0,0
0,0,0
0,0
0,0,0
0,0,0
0,0
0,0,0
0,0,0
0,0
//TOOLINTF 19
///CRC 4026325479
0,0,0
0,0,520
100,100
0,0,0
0,0,0
0,0
0,0,0
0,0,0
0,0
0,0,0
0,0,0
0,0
0,0,0
0,0,0
0,0
//TOOLINTF 20
///CRC 4026325479
0,0,0
0,0,520
100,100
0,0,0
0,0,0
0,0
0,0,0
0,0,0
0,0
0,0,0
0,0,0
0,0
0,0,0
0,0,0
0,0
//TOOLINTF 21
///CRC 4026325479
0,0,0
0,0,520
100,100
0,0,0
0,0,0
0,0
0,0,0
0,0,0
0,0
0,0,0
0,0,0
0,0
0,0,0
0,0,0
0,0
//TOOLINTF 22
///CRC 4026325479
0,0,0
0,0,520
100,100
0,0,0
0,0,0
0,0
0,0,0
0,0,0
0,0
0,0,0
0,0,0
0,0
0,0,0
0,0,0
0,0
//TOOLINTF 23
///CRC 4026325479
0,0,0
0,0,520
100,100
0,0,0
0,0,0
0,0
0,0,0
0,0,0
0,0
0,0,0
0,0,0
0,0
0,0,0
0,0,0
0,0
//TOOLINTF 24
///CRC 4026325479
0,0,0
0,0,520
100,100
0,0,0
0,0,0
0,0
0,0,0
0,0,0
0,0
0,0,0
0,0,0
0,0
0,0,0
0,0,0
0,0
//TOOLINTF 25
///CRC 4026325479
0,0,0
0,0,520
100,100
0,0,0
0,0,0
0,0
0,0,0
0,0,0
0,0
0,0,0
0,0,0
0,0
0,0,0
0,0,0
0,0
//TOOLINTF 26
///CRC 4026325479
0,0,0
0,0,520
100,100
0,0,0
0,0,0
0,0
0,0,0
0,0,0
0,0
0,0,0
0,0,0
0,0
0,0,0
0,0,0
0,0
//TOOLINTF 27
///CRC 4026325479
0,0,0
0,0,520
100,100
0,0,0
0,0,0
0,0
0,0,0
0,0,0
0,0
0,0,0
0,0,0
0,0
0,0,0
0,0,0
0,0
//TOOLINTF 28
///CRC 4026325479
0,0,0
0,0,520
100,100
0,0,0
0,0,0
0,0
0,0,0
0,0,0
0,0
0,0,0
0,0,0
0,0
0,0,0
0,0,0
0,0
//TOOLINTF 29
///CRC 4026325479
0,0,0
0,0,520
100,100
0,0,0
0,0,0
0,0
0,0,0
0,0,0
0,0
0,0,0
0,0,0
0,0
0,0,0
0,0,0
0,0
//TOOLINTF 30
///CRC 4026325479
0,0,0
0,0,520
100,100
0,0,0
0,0,0
0,0
0,0,0
0,0,0
0,0
0,0,0
0,0,0
0,0
0,0,0
0,0,0
0,0
//TOOLINTF 31
///CRC 4026325479
0,0,0
0,0,520
100,100
0,0,0
0,0,0
0,0
0,0,0
0,0,0
0,0
0,0,0
0,0,0
0,0
0,0,0
0,0,0
0,0
//TOOLINTF 32
///CRC 4026325479
0,0,0
0,0,520
100,100
0,0,0
0,0,0
0,0
0,0,0
0,0,0
0,0
0,0,0
0,0,0
0,0
0,0,0
0,0,0
0,0
//TOOLINTF 33
///CRC 4026325479
0,0,0
0,0,520
100,100
0,0,0
0,0,0
0,0
0,0,0
0,0,0
0,0
0,0,0
0,0,0
0,0
0,0,0
0,0,0
0,0
//TOOLINTF 34
///CRC 4026325479
0,0,0
0,0,520
100,100
0,0,0
0,0,0
0,0
0,0,0
0,0,0
0,0
0,0,0
0,0,0
0,0
0,0,0
0,0,0
0,0
//TOOLINTF 35
///CRC 4026325479
0,0,0
0,0,520
100,100
0,0,0
0,0,0
0,0
0,0,0
0,0,0
0,0
0,0,0
0,0,0
0,0
0,0,0
0,0,0
0,0
//TOOLINTF 36
///CRC 4026325479
0,0,0
0,0,520
100,100
0,0,0
0,0,0
0,0
0,0,0
0,0,0
0,0
0,0,0
0,0,0
0,0
0,0,0
0,0,0
0,0
//TOOLINTF 37
///CRC 4026325479
0,0,0
0,0,520
100,100
0,0,0
0,0,0
0,0
0,0,0
0,0,0
0,0
0,0,0
0,0,0
0,0
0,0,0
0,0,0
0,0
//TOOLINTF 38
///CRC 4026325479
0,0,0
0,0,520
100,100
0,0,0
0,0,0
0,0
0,0,0
0,0,0
0,0
0,0,0
0,0,0
0,0
0,0,0
0,0,0
0,0
//TOOLINTF 39
///CRC 4026325479
0,0,0
0,0,520
100,100
0,0,0
0,0,0
0,0
0,0,0
0,0,0
0,0
0,0,0
0,0,0
0,0
0,0,0
0,0,0
0,0
//TOOLINTF 40
///CRC 4026325479
0,0,0
0,0,520
100,100
0,0,0
0,0,0
0,0
0,0,0
0,0,0
0,0
0,0,0
0,0,0
0,0
0,0,0
0,0,0
0,0
//TOOLINTF 41
///CRC 4026325479
0,0,0
0,0,520
100,100
0,0,0
0,0,0
0,0
0,0,0
0,0,0
0,0
0,0,0
0,0,0
0,0
0,0,0
0,0,0
0,0
//TOOLINTF 42
///CRC 4026325479
0,0,0
0,0,520
100,100
0,0,0
0,0,0
0,0
0,0,0
0,0,0
0,0
0,0,0
0,0,0
0,0
0,0,0
0,0,0
0,0
//TOOLINTF 43
///CRC 4026325479
0,0,0
0,0,520
100,100
0,0,0
0,0,0
0,0
0,0,0
0,0,0
0,0
0,0,0
0,0,0
0,0
0,0,0
0,0,0
0,0
//TOOLINTF 44
///CRC 4026325479
0,0,0
0,0,520
100,100
0,0,0
0,0,0
0,0
0,0,0
0,0,0
0,0
0,0,0
0,0,0
0,0
0,0,0
0,0,0
0,0
//TOOLINTF 45
///CRC 4026325479
0,0,0
0,0,520
100,100
0,0,0
0,0,0
0,0
0,0,0
0,0,0
0,0
0,0,0
0,0,0
0,0
0,0,0
0,0,0
0,0
//TOOLINTF 46
///CRC 4026325479
0,0,0
0,0,520
100,100
0,0,0
0,0,0
0,0
0,0,0
0,0,0
0,0
0,0,0
0,0,0
0,0
0,0,0
0,0,0
0,0
//TOOLINTF 47
///CRC 4026325479
0,0,0
0,0,520
100,100
0,0,0
0,0,0
0,0
0,0,0
0,0,0
0,0
0,0,0
0,0,0
0,0
0,0,0
0,0,0
0,0
//TOOLINTF 48
///CRC 4026325479
0,0,0
0,0,520
100,100
0,0,0
0,0,0
0,0
0,0,0
0,0,0
0,0
0,0,0
0,0,0
0,0
0,0,0
0,0,0
0,0
//TOOLINTF 49
///CRC 4026325479
0,0,0
0,0,520
100,100
0,0,0
0,0,0
0,0
0,0,0
0,0,0
0,0
0,0,0
0,0,0
0,0
0,0,0
0,0,0
0,0
//TOOLINTF 50
///CRC 4026325479
0,0,0
0,0,520
100,100
0,0,0
0,0,0
0,0
0,0,0
0,0,0
0,0
0,0,0
0,0,0
0,0
0,0,0
0,0,0
0,0
//TOOLINTF 51
///CRC 4026325479
0,0,0
0,0,520
100,100
0,0,0
0,0,0
0,0
0,0,0
0,0,0
0,0
0,0,0
0,0,0
0,0
0,0,0
0,0,0
0,0
//TOOLINTF 52
///CRC 4026325479
0,0,0
0,0,520
100,100
0,0,0
0,0,0
0,0
0,0,0
0,0,0
0,0
0,0,0
0,0,0
0,0
0,0,0
0,0,0
0,0
//TOOLINTF 53
///CRC 4026325479
0,0,0
0,0,520
100,100
0,0,0
0,0,0
0,0
0,0,0
0,0,0
0,0
0,0,0
0,0,0
0,0
0,0,0
0,0,0
0,0
//TOOLINTF 54
///CRC 4026325479
0,0,0
0,0,520
100,100
0,0,0
0,0,0
0,0
0,0,0
0,0,0
0,0
0,0,0
0,0,0
0,0
0,0,0
0,0,0
0,0
//TOOLINTF 55
///CRC 4026325479
0,0,0
0,0,520
100,100
0,0,0
0,0,0
0,0
0,0,0
0,0,0
0,0
0,0,0
0,0,0
0,0
0,0,0
0,0,0
0,0
//TOOLINTF 56
///CRC 4026325479
0,0,0
0,0,520
100,100
0,0,0
0,0,0
0,0
0,0,0
0,0,0
0,0
0,0,0
0,0,0
0,0
0,0,0
0,0,0
0,0
//TOOLINTF 57
///CRC 4026325479
0,0,0
0,0,520
100,100
0,0,0
0,0,0
0,0
0,0,0
0,0,0
0,0
0,0,0
0,0,0
0,0
0,0,0
0,0,0
0,0
//TOOLINTF 58
///CRC 4026325479
0,0,0
0,0,520
100,100
0,0,0
0,0,0
0,0
0,0,0
0,0,0
0,0
0,0,0
0,0,0
0,0
0,0,0
0,0,0
0,0
//TOOLINTF 59
///CRC 4026325479
0,0,0
0,0,520
100,100
0,0,0
0,0,0
0,0
0,0,0
0,0,0
0,0
0,0,0
0,0,0
0,0
0,0,0
0,0,0
0,0
//TOOLINTF 60
///CRC 4026325479
0,0,0
0,0,520
100,100
0,0,0
0,0,0
0,0
0,0,0
0,0,0
0,0
0,0,0
0,0,0
0,0
0,0,0
0,0,0
0,0
//TOOLINTF 61
///CRC 4026325479
0,0,0
0,0,520
100,100
0,0,0
0,0,0
0,0
0,0,0
0,0,0
0,0
0,0,0
0,0,0
0,0
0,0,0
0,0,0
0,0
//TOOLINTF 62
///CRC 4026325479
0,0,0
0,0,520
100,100
0,0,0
0,0,0
0,0
0,0,0
0,0,0
0,0
0,0,0
0,0,0
0,0
0,0,0
0,0,0
0,0
//TOOLINTF 63
///CRC 4026325479
0,0,0
0,0,520
100,100
0,0,0
0,0,0
0,0
0,0,0
0,0,0
0,0
0,0,0
0,0,0
0,0
0,0,0
0,0,0
0,0
