//VAR
///PFNUM 6,1,0,1
///SHARE 100,100,100,100,100,1024,256,0
///B
1,0,0,0,0,0,0,0,0,0
0,0,0,0,0,0,0,0,0,0
0,0,0,0,0,0,0,0,0,0
1,0,0,0,0,0,0,0,0,0
0,0,0,0,0,0,0,0,0,0
0,0,0,0,0,0,0,0,0,0
0,0,0,0,0,0,0,0,0,0
0,0,0,0,0,0,0,0,0,0
0,0,0,0,0,0,0,0,0,0
0,0,0,0,0,0,0,0,0,0
///I
0,0,0,0,0,0,0,0,0,0
0,0,0,0,0,0,0,0,0,0
111,0,0,0,0,0,0,0,0,0
0,0,0,0,0,0,0,0,0,0
0,0,0,0,0,0,0,0,0,0
0,0,0,0,0,0,0,0,0,0
0,0,0,0,0,0,0,0,0,0
-11,-12,-3,0,0,0,0,0,0,0
0,0,0,0,0,0,0,0,0,0
18224,0,0,0,0,0,0,0,0,0
///D
0,0,0,0,0,0,0,0,0,0
0,0,0,0,0,0,0,0,0,0
0,0,0,0,0,3831557,0,0,0,0
0,0,0,0,0,0,0,0,0,0
26,-4319,-1936,0,0,0,0,0,0,0
0,0,0,0,0,0,0,0,0,0
0,0,0,0,0,0,0,0,0,0
0,0,0,0,0,0,0,0,0,0
0,0,0,0,0,0,0,0,0,0
0,0,0,0,0,0,0,0,0,0
///R
0,0,0,0,0,0,0,0,0,0
0,0,0,0,0,0,0,0,0,0
0,0,0,0,0,0,0,0,0,0
0,0,0,0,0,0,0,0,0,0
0,0,0,0,0,0,0,0,0,0
0,0,0,0,0,0,0,0,0,0
0,0,0,0,0,0,0,0,0,0
0,0,0,0,0,0,0,0,0,0
0,0,0,0,0, 4.886972E-01, 1.362053E+00, 9.269865E-01,0,0
0,0,0,0,0,0,0,0,0,0
///S





BLAD




















































































18224 Robot is not ready









///P
"PULSE"0,0,0,000000000000000000000000,0,0,5823,-12824,61474,4249,-63734,-1246,0,0
"RECTAN"0,0,0,000000000000000000000000,0,16,7414.350,921.594,-872.628,-46.8270,-7.8752,99.0295,0.0000,0.0000
"UNUSED"
"PULSE"0,0,0,000000000000000000000000,0,0,1055,-24125,84372,288,19725,204,0,0
"UNUSED"
"RECTAN"0,0,0,001000000000000000000000,0,16,3414.690,73.820,-938.859,0.0000,45.0000,0.0000,0.0000,0.0000
"RECTAN"0,0,0,000000000000000000000000,0,16,-2.449,0.031,8.825,0.0000,0.0000,0.0000,0.0000,0.0000
"RECTAN"0,0,0,000000000000000000000000,0,16,-200.000,0.000,0.000,0.0000,0.0000,0.0000,0.0000,0.0000
"RECTAN"0,0,0,000000000000000000000000,0,16,5000.000,0.000,0.000,0.0000,0.0000,0.0000,0.0000,0.0000
"RECTAN"0,0,0,000000000000000000000000,0,16,0.000,5000.000,0.000,0.0000,0.0000,0.0000,0.0000,0.0000
"RECTAN"0,0,0,000000000000000000000000,0,17,-1.486,-0.028,-0.099,0.0000,0.0000,0.0000,0.0000,0.0000
"UNUSED"
"UNUSED"
"UNUSED"
"UNUSED"
"UNUSED"
"UNUSED"
"UNUSED"
"UNUSED"
"RECTAN"0,0,0,000000000000000000000000,0,16,0.000,-1.000,0.000,0.0000,10.0000,90.0000,0.0000,0.0000
"RECTAN"0,0,0,000000000000000000000000,0,16,0.000,1.700,-1.000,0.0000,5.0000,72.0000,0.0000,0.0000
"RECTAN"0,0,0,000000000000000000000000,0,16,6.550,-0.003,-5.735,0.0000,0.0000,0.0000,0.0000,0.0000
"RECTAN"0,0,0,000000000000000000000000,0,16,5.943,-0.018,-6.388,0.0000,0.0000,0.0000,0.0000,0.0000
"RECTAN"0,0,0,000000000000000000000000,0,16,7.025,-0.019,-7.168,0.0000,0.0000,0.0000,0.0000,0.0000
"RECTAN"0,0,0,000000000000000000000000,0,16,5.926,-0.047,-4.777,0.0000,0.0000,0.0000,0.0000,0.0000
"RECTAN"0,0,0,000000000000000000000000,0,16,1.385,-0.036,8.652,0.0000,0.0000,0.0000,0.0000,0.0000
"RECTAN"0,0,0,000000000000000000000000,0,16,0.001,0.024,7.658,0.0000,0.0000,0.0000,0.0000,0.0000
"UNUSED"
"UNUSED"
"UNUSED"
"UNUSED"
"UNUSED"
"UNUSED"
"UNUSED"
"UNUSED"
"UNUSED"
"UNUSED"
"UNUSED"
"UNUSED"
"UNUSED"
"UNUSED"
"UNUSED"
"UNUSED"
"UNUSED"
"UNUSED"
"UNUSED"
"UNUSED"
"UNUSED"
"UNUSED"
"UNUSED"
"RECTAN"0,0,0,000000000000000000000000,0,16,0.000,0.000,-40.000,0.0000,0.0000,0.0000,0.0000,0.0000
"RECTAN"0,0,0,000000000000000000000000,0,16,0.000,0.000,1.000,0.0000,0.0000,0.0000,0.0000,0.0000
"RECTAN"0,0,0,000000000000000000000000,0,16,0.000,-40.000,0.000,0.0000,0.0000,0.0000,0.0000,0.0000
"RECTAN"0,0,0,000000000000000000000000,0,16,0.000,40.000,0.000,0.0000,0.0000,0.0000,0.0000,0.0000
"RECTAN"0,0,0,000000000000000000000000,0,16,-40.000,0.000,0.000,0.0000,0.0000,0.0000,0.0000,0.0000
"RECTAN"0,0,0,000000000000000000000000,0,16,40.000,0.000,0.000,0.0000,0.0000,0.0000,0.0000,0.0000
"RECTAN"0,0,0,000000000000000000000000,0,16,0.000,0.000,5.000,0.0000,0.0000,0.0000,0.0000,0.0000
"RECTAN"0,0,0,000000000000000000000000,0,16,0.000,0.000,2.000,0.0000,0.0000,0.0000,0.0000,0.0000
"RECTAN"0,0,0,000000000000000000000000,0,16,0.000,0.000,3.000,0.0000,0.0000,0.0000,0.0000,0.0000
"UNUSED"
"RECTAN"0,0,0,000000000000000000000000,0,16,0.000,0.000,50.000,0.0000,0.0000,0.0000,0.0000,0.0000
"UNUSED"
"UNUSED"
"UNUSED"
"UNUSED"
"UNUSED"
"PULSE"0,0,0,000000000000000000000000,0,0,25630,0,2898,-14937,-14238,-32717,0,0
"UNUSED"
"UNUSED"
"UNUSED"
"UNUSED"
"UNUSED"
"UNUSED"
"UNUSED"
"UNUSED"
"UNUSED"
"UNUSED"
"UNUSED"
"UNUSED"
"UNUSED"
"PULSE"0,0,0,000000000000000000000000,0,0,0,-52280,40443,0,0,0,0,0
"UNUSED"
"UNUSED"
"UNUSED"
"UNUSED"
"UNUSED"
"UNUSED"
"UNUSED"
"UNUSED"
"UNUSED"
"UNUSED"
"UNUSED"
"UNUSED"
"UNUSED"
"UNUSED"
"UNUSED"
"UNUSED"
"RECTAN"0,0,0,001000000000000000000000,0,16,0.043,-1.896,1.568,0.0000,0.0000,0.0000,0.0000,0.0000
"RECTAN"0,0,0,001000000000000000000000,0,16,-0.089,-2.467,4.059,0.0000,0.0000,0.0000,0.0000,0.0000
"RECTAN"0,0,0,001000000000000000000000,0,16,0.011,-2.380,1.226,0.0000,0.0000,0.0000,0.0000,0.0000
"RECTAN"0,0,0,001000000000000000000000,0,16,-0.081,2.558,4.482,0.0000,0.0000,0.0000,0.0000,0.0000
"RECTAN"0,0,0,001000000000000000000000,0,16,0.030,-2.286,2.993,0.0000,0.0000,0.0000,0.0000,0.0000
"RECTAN"0,0,0,001000000000000000000000,0,16,-0.005,-1.108,1.644,0.0000,0.0000,0.0000,0.0000,0.0000
"RECTAN"0,0,0,001000000000000000000000,0,16,-0.094,-3.400,4.200,0.0000,0.0000,0.0000,0.0000,0.0000
"RECTAN"0,0,0,001000000000000000000000,0,16,0.043,-2.127,5.826,0.0000,0.0000,0.0000,0.0000,0.0000
"RECTAN"0,0,0,001000000000000000000000,0,16,-0.043,0.662,5.286,0.0000,0.0000,0.0000,0.0000,0.0000
"RECTAN"0,0,0,001000000000000000000000,0,16,-0.018,-2.519,0.237,0.0000,0.0000,0.0000,0.0000,0.0000
"RECTAN"0,0,0,001000000000000000000000,0,16,-0.008,-4.537,-4.500,0.0000,0.0000,0.0000,0.0000,0.0000
"RECTAN"0,0,0,001000000000000000000000,0,16,0.014,-3.040,2.637,0.0000,0.0000,0.0000,0.0000,0.0000
"RECTAN"0,0,0,001000000000000000000000,0,16,0.017,-3.622,2.341,0.0000,0.0000,0.0000,0.0000,0.0000
"RECTAN"0,0,0,001000000000000000000000,0,16,7346.140,158.997,-946.107,-0.1876,37.7131,-155.1643,0.0000,0.0000
"RECTAN"0,0,0,001000000000000000000000,0,16,7345.905,-141.160,-945.062,8.1413,34.2244,-174.1788,0.0000,0.0000
"RECTAN"0,0,0,001000000000000000000000,0,16,7393.287,158.977,-939.640,-0.1938,37.7128,-155.1905,0.0000,0.0000
"RECTAN"0,0,0,001000000000000000000000,0,16,7393.259,-141.170,-939.228,8.1507,34.2195,-174.1496,0.0000,0.0000
"UNUSED"
"RECTAN"0,0,0,101000000000000000000000,0,16,673.149,-621.822,266.996,60.9574,-37.0005,-164.4726,0.0000,0.0000
"RECTAN"0,0,0,101000000000000000000000,0,16,684.893,-620.133,267.693,60.9574,-36.9974,-164.4728,0.0000,0.0000
"RECTAN"0,0,0,101000000000000000000000,0,16,673.074,-622.520,277.047,60.9473,-37.0114,-164.4627,0.0000,0.0000
"UNUSED"
"RECTAN"0,0,0,101000000000000000000000,0,16,678.627,-515.541,311.784,60.9464,-37.0164,-164.4635,0.0000,0.0000
"RECTAN"0,0,0,101000000000000000000000,0,16,678.628,-515.538,311.786,60.9470,-37.0149,-164.4638,0.0000,0.0000
"RECTAN"0,0,0,101000000000000000000000,0,16,0.017,-0.230,0.898,0.0251,0.0242,-0.0192,0.0000,0.0000
"RECTAN"0,0,0,101000000000000000000000,0,16,684.572,-621.759,267.035,60.9449,-37.0166,-164.4618,0.0000,0.0000
"RECTAN"0,0,0,101000000000000000000000,0,16,673.062,-622.492,276.977,60.9450,-37.0199,-164.4619,0.0000,0.0000
"UNUSED"
"UNUSED"
"UNUSED"
"UNUSED"
"RECTAN"0,0,0,000000000000000000000000,0,16,-884.361,4485.973,1204.369,-0.2486,-48.5139,-179.7756,0.0000,0.0000
"RECTAN"0,0,0,000000000000000000000000,0,16,-893.368,4496.974,1214.559,-0.2482,-48.5290,-179.7739,0.0000,0.0000
"RECTAN"0,0,0,000000000000000000000000,0,16,-887.000,4497.028,1202.539,-0.2479,-48.5435,-179.7748,0.0000,0.0000
"RECTAN"0,0,0,000000000000000000000000,0,16,-684.782,622.014,-267.020,-60.9466,37.0130,164.4655,0.0000,0.0000
"UNUSED"
"UNUSED"
"UNUSED"
"UNUSED"
"UNUSED"
"UNUSED"
"UNUSED"
"UNUSED"
"UNUSED"
"UNUSED"
"UNUSED"
"UNUSED"
"UNUSED"
"UNUSED"
"UNUSED"
"UNUSED"
"UNUSED"
"UNUSED"
"UNUSED"
"UNUSED"
"UNUSED"
"UNUSED"
"UNUSED"
"UNUSED"
"UNUSED"
"UNUSED"
"UNUSED"
"UNUSED"
"UNUSED"
"UNUSED"
"UNUSED"
"UNUSED"
"UNUSED"
"UNUSED"
"UNUSED"
"UNUSED"
"UNUSED"
"UNUSED"
"UNUSED"
"UNUSED"
"UNUSED"
"UNUSED"
"UNUSED"
"UNUSED"
"UNUSED"
"UNUSED"
"UNUSED"
"UNUSED"
"UNUSED"
"UNUSED"
"UNUSED"
"UNUSED"
"UNUSED"
"UNUSED"
"UNUSED"
"UNUSED"
"UNUSED"
"UNUSED"
"UNUSED"
"UNUSED"
"UNUSED"
"UNUSED"
"UNUSED"
"UNUSED"
"UNUSED"
"UNUSED"
"UNUSED"
"UNUSED"
"UNUSED"
"UNUSED"
"UNUSED"
"UNUSED"
"UNUSED"
"UNUSED"
"UNUSED"
"UNUSED"
"UNUSED"
"UNUSED"
"UNUSED"
"UNUSED"
"UNUSED"
"UNUSED"
"UNUSED"
"UNUSED"
"UNUSED"
"UNUSED"
"UNUSED"
"UNUSED"
"UNUSED"
"UNUSED"
"UNUSED"
"UNUSED"
"UNUSED"
"UNUSED"
"UNUSED"
"UNUSED"
"UNUSED"
"UNUSED"
"UNUSED"
"UNUSED"
"UNUSED"
"UNUSED"
"UNUSED"
"UNUSED"
"UNUSED"
"UNUSED"
"UNUSED"
"UNUSED"
"UNUSED"
"UNUSED"
"UNUSED"
"UNUSED"
"UNUSED"
"UNUSED"
"UNUSED"
"UNUSED"
"UNUSED"
"UNUSED"
"UNUSED"
"UNUSED"
"UNUSED"
"UNUSED"
"UNUSED"
"UNUSED"
"UNUSED"
"UNUSED"
"UNUSED"
"UNUSED"
"UNUSED"
"UNUSED"
"UNUSED"
"UNUSED"
"UNUSED"
"UNUSED"
"UNUSED"
"UNUSED"
"UNUSED"
"UNUSED"
"UNUSED"
"UNUSED"
"UNUSED"
"UNUSED"
"UNUSED"
"UNUSED"
"UNUSED"
"UNUSED"
"UNUSED"
"UNUSED"
"RECTAN"0,0,0,000000000000000000000000,0,16,-0.761,-1.221,0.004,0.0000,0.0000,0.0000,0.0000,0.0000
"RECTAN"0,0,0,001000000000000000000000,0,16,-0.866,-3.587,-0.008,0.0000,0.0000,0.0000,0.0000,0.0000
"UNUSED"
"UNUSED"
"UNUSED"
"UNUSED"
"UNUSED"
"UNUSED"
"UNUSED"
"UNUSED"
"RECTAN"0,0,0,000010000000000000000000,0,16,-0.023,-0.050,5.560,0.0000,0.0000,0.0000,0.0000,0.0000
"RECTAN"0,0,0,001000000000000000000000,0,16,0.002,-0.893,4.526,0.0000,0.0000,0.0000,0.0000,0.0000
"UNUSED"
"UNUSED"
"UNUSED"
"UNUSED"
"UNUSED"
"UNUSED"
"RECTAN"0,0,0,000000000000000000000000,0,16,0.000,0.000,0.000,0.0000,0.0000,0.0000,0.0000,0.0000
"RECTAN"0,0,0,000000000000000000000000,0,16,-3.815,-1.565,6.918,0.0000,0.0000,0.0000,0.0000,0.0000
"RECTAN"0,0,0,001000000000000000000000,0,16,-0.036,-1.505,2.318,0.0000,0.0000,0.0000,0.0000,0.0000
"RECTAN"0,0,0,000000000000000000000000,0,16,0.005,-4.708,-4.628,0.0000,0.0000,0.0000,0.0000,0.0000
"RECTAN"0,0,0,000000000000000000000000,0,16,0.052,-2.937,-4.426,0.0000,0.0000,0.0000,0.0000,0.0000
"RECTAN"0,0,0,000000000000000000000000,0,16,-0.004,-1.437,-4.584,0.0000,0.0000,0.0000,0.0000,0.0000
"RECTAN"0,0,0,000000000000000000000000,0,16,0.028,-1.666,-4.234,0.0000,0.0000,0.0000,0.0000,0.0000
"RECTAN"0,0,0,000000000000000000000000,0,16,-0.003,-1.920,-3.501,0.0000,0.0000,0.0000,0.0000,0.0000
"RECTAN"0,0,0,000000000000000000000000,0,16,0.015,-2.252,-3.054,0.0000,0.0000,0.0000,0.0000,0.0000
"RECTAN"0,0,0,000000000000000000000000,0,16,0.019,-2.151,-5.077,0.0000,0.0000,0.0000,0.0000,0.0000
"RECTAN"0,0,0,000000000000000000000000,0,16,-0.003,-2.092,-4.888,0.0000,0.0000,0.0000,0.0000,0.0000
"RECTAN"0,0,0,000000000000000000000000,0,16,-0.040,-2.205,-4.992,0.0000,0.0000,0.0000,0.0000,0.0000
"RECTAN"0,0,0,000000000000000000000000,0,16,-0.006,-2.490,-5.925,0.0000,0.0000,0.0000,0.0000,0.0000
"RECTAN"0,0,0,000000000000000000000000,0,16,-0.007,-2.079,-5.307,0.0000,0.0000,0.0000,0.0000,0.0000
"RECTAN"0,0,0,000000000000000000000000,0,16,-0.032,2.202,-7.632,0.0000,0.0000,0.0000,0.0000,0.0000
"RECTAN"0,0,0,001000000000000000000000,0,16,-0.088,1.055,2.110,0.0000,0.0000,0.0000,0.0000,0.0000
"RECTAN"0,0,0,001000000000000000000000,0,16,-0.055,1.752,1.634,0.0000,0.0000,0.0000,0.0000,0.0000
"RECTAN"0,0,0,001000000000000000000000,0,16,-0.074,0.897,1.645,0.0000,0.0000,0.0000,0.0000,0.0000
"RECTAN"0,0,0,001000000000000000000000,0,16,0.009,2.112,2.075,0.0000,0.0000,0.0000,0.0000,0.0000
"RECTAN"0,0,0,001000000000000000000000,0,16,-0.015,2.781,3.126,0.0000,0.0000,0.0000,0.0000,0.0000
"RECTAN"0,0,0,001000000000000000000000,0,16,-0.086,2.132,2.037,0.0000,0.0000,0.0000,0.0000,0.0000
"RECTAN"0,0,0,001000000000000000000000,0,16,-0.045,2.990,2.150,0.0000,0.0000,0.0000,0.0000,0.0000
"RECTAN"0,0,0,001000000000000000000000,0,16,0.036,-8.131,3.008,0.0000,0.0000,0.0000,0.0000,0.0000
"RECTAN"0,0,0,001000000000000000000000,0,16,0.000,0.674,-0.344,0.0000,0.0000,0.0000,0.0000,0.0000
"RECTAN"0,0,0,001000000000000000000000,0,16,0.012,0.078,-0.319,0.0000,0.0000,0.0000,0.0000,0.0000
"RECTAN"0,0,0,001000000000000000000000,0,16,-0.015,-0.078,1.743,0.0000,0.0000,0.0000,0.0000,0.0000
"RECTAN"0,0,0,001000000000000000000000,0,16,0.009,0.677,2.688,0.0000,0.0000,0.0000,0.0000,0.0000
"RECTAN"0,0,0,001000000000000000000000,0,16,-0.020,-3.479,1.528,0.0000,0.0000,0.0000,0.0000,0.0000
"UNUSED"
"UNUSED"
"UNUSED"
"UNUSED"
"UNUSED"
"UNUSED"
"UNUSED"
"UNUSED"
"UNUSED"
"UNUSED"
"UNUSED"
"UNUSED"
"UNUSED"
"UNUSED"
"UNUSED"
"UNUSED"
"UNUSED"
"UNUSED"
"UNUSED"
"UNUSED"
"UNUSED"
"UNUSED"
"RECTAN"0,0,0,000000000000000000000000,0,16,0.000,0.000,0.000,0.0000,0.0000,0.0000,0.0000,0.0000
"RECTAN"0,0,0,001000000000000000000000,0,16,0.060,0.167,-1.133,0.0000,0.0000,0.0000,0.0000,0.0000
"RECTAN"0,0,0,000000000000000000000000,0,16,11.519,-0.008,1.149,0.0000,0.0000,0.0000,0.0000,0.0000
"RECTAN"0,0,0,000000000000000000000000,0,16,13.563,-0.027,-0.653,0.0000,0.0000,0.0000,0.0000,0.0000
"RECTAN"0,0,0,000000000000000000000000,0,16,13.252,-0.027,-0.827,0.0000,0.0000,0.0000,0.0000,0.0000
"RECTAN"0,0,0,000000000000000000000000,0,16,10.971,-0.082,0.776,0.0000,0.0000,0.0000,0.0000,0.0000
"RECTAN"0,0,0,000000000000000000000000,0,16,-0.024,2.508,-1.824,0.0000,0.0000,0.0000,0.0000,0.0000
"RECTAN"0,0,0,000000000000000000000000,0,16,-0.001,2.528,-1.131,0.0000,0.0000,0.0000,0.0000,0.0000
"RECTAN"0,0,0,000000000000000000000000,0,16,-0.034,2.921,-0.262,0.0000,0.0000,0.0000,0.0000,0.0000
"RECTAN"0,0,0,000000000000000000000000,0,16,0.003,3.386,-0.091,0.0000,0.0000,0.0000,0.0000,0.0000
"RECTAN"0,0,0,000000000000000000000000,0,16,0.014,3.037,-0.020,0.0000,0.0000,0.0000,0.0000,0.0000
"RECTAN"0,0,0,000000000000000000000000,0,16,-0.005,2.731,0.912,0.0000,0.0000,0.0000,0.0000,0.0000
"RECTAN"0,0,0,000000000000000000000000,0,16,-0.011,3.412,0.438,0.0000,0.0000,0.0000,0.0000,0.0000
"RECTAN"0,0,0,000000000000000000000000,0,16,0.018,3.050,1.253,0.0000,0.0000,0.0000,0.0000,0.0000
"RECTAN"0,0,0,000000000000000000000000,0,16,0.014,2.784,0.148,0.0000,0.0000,0.0000,0.0000,0.0000
"RECTAN"0,0,0,000000000000000000000000,0,16,0.026,4.310,-2.639,0.0000,0.0000,0.0000,0.0000,0.0000
"RECTAN"0,0,0,000000000000000000000000,0,16,0.034,4.181,-4.040,0.0000,0.0000,0.0000,0.0000,0.0000
"RECTAN"0,0,0,000000000000000000000000,0,16,-0.020,3.204,-1.693,0.0000,0.0000,0.0000,0.0000,0.0000
"RECTAN"0,0,0,000000000000000000000000,0,16,0.018,3.878,-1.790,0.0000,0.0000,0.0000,0.0000,0.0000
"UNUSED"
"UNUSED"
"UNUSED"
"UNUSED"
"UNUSED"
"UNUSED"
"UNUSED"
"UNUSED"
"UNUSED"
"UNUSED"
"UNUSED"
"UNUSED"
"UNUSED"
"RECTAN"0,0,0,000000000000000000000000,0,16,-0.012,-4.857,1.526,0.0000,0.0000,0.0000,0.0000,0.0000
"UNUSED"
"UNUSED"
"UNUSED"
"UNUSED"
"UNUSED"
"UNUSED"
"UNUSED"
"UNUSED"
"UNUSED"
"UNUSED"
"UNUSED"
"UNUSED"
"UNUSED"
"UNUSED"
"UNUSED"
"UNUSED"
"UNUSED"
"UNUSED"
"RECTAN"0,0,0,000000000000000000000000,0,16,-2.449,0.031,8.825,0.0000,0.0000,0.0000,0.0000,0.0000
"RECTAN"0,0,0,000000000000000000000000,0,16,5.920,-3.503,-0.024,0.0000,0.0000,0.0000,0.0000,0.0000
"RECTAN"0,0,0,000000000000000000000000,0,16,3.430,-0.021,1.131,0.0000,0.0000,0.0000,0.0000,0.0000
"RECTAN"0,0,0,000000000000000000000000,0,16,-0.253,1.107,3.062,0.0000,0.0000,0.0000,0.0000,0.0000
"RECTAN"0,0,0,000000000000000000000000,0,16,-3.666,-0.015,5.328,0.0000,0.0000,0.0000,0.0000,0.0000
"RECTAN"0,0,0,001000000000000000000000,0,16,0.029,4.189,-1.030,0.0000,0.0000,0.0000,0.0000,0.0000
"RECTAN"0,0,0,000000000000000000000000,0,16,2.420,0.007,1.427,0.0000,0.0000,0.0000,0.0000,0.0000
"RECTAN"0,0,0,000000000000000000000000,0,16,3.513,-0.022,0.429,0.0000,0.0000,0.0000,0.0000,0.0000
"RECTAN"0,0,0,001010000000000000000000,0,16,-0.029,2.348,-1.469,0.0000,0.0000,0.0000,0.0000,0.0000
"RECTAN"0,0,0,001010000000000000000000,0,16,0.010,1.346,-1.479,0.0000,0.0000,0.0000,0.0000,0.0000
"RECTAN"0,0,0,001000000000000000000000,0,16,-0.026,2.090,-1.483,0.0000,0.0000,0.0000,0.0000,0.0000
"RECTAN"0,0,0,001000000000000000000000,0,16,0.001,4.491,-0.583,0.0000,0.0000,0.0000,0.0000,0.0000
"RECTAN"0,0,0,001010000000000000000000,0,16,-0.015,3.627,0.872,0.0000,0.0000,0.0000,0.0000,0.0000
"RECTAN"0,0,0,001010000000000000000000,0,16,0.002,3.829,0.787,0.0000,0.0000,0.0000,0.0000,0.0000
"RECTAN"0,0,0,001010000000000000000000,0,16,0.046,0.107,-0.040,0.0000,0.0000,0.0000,0.0000,0.0000
"RECTAN"0,0,0,001000000000000000000000,0,16,0.046,0.800,0.739,0.0000,0.0000,0.0000,0.0000,0.0000
"RECTAN"0,0,0,000000000000000000000000,0,16,-1.781,-1.303,3.250,0.0000,0.0000,0.0000,0.0000,0.0000
"RECTAN"0,0,0,000000000000000000000000,0,16,0.027,1.119,3.078,0.0000,0.0000,0.0000,0.0000,0.0000
"RECTAN"0,0,0,001010000000000000000000,0,16,0.059,4.721,3.973,0.0000,0.0000,0.0000,0.0000,0.0000
"RECTAN"0,0,0,001000000000000000000000,0,16,-0.026,5.600,3.534,0.0000,0.0000,0.0000,0.0000,0.0000
"RECTAN"0,0,0,001000000000000000000000,0,16,-0.015,-0.569,-0.604,0.0000,0.0000,0.0000,0.0000,0.0000
"RECTAN"0,0,0,000000000000000000000000,0,16,-0.017,0.555,2.209,0.0000,0.0000,0.0000,0.0000,0.0000
"RECTAN"0,0,0,000000000000000000000000,0,16,4.378,0.044,2.315,0.0000,0.0000,0.0000,0.0000,0.0000
"RECTAN"0,0,0,000000000000000000000000,0,16,2.474,0.026,-1.450,0.0000,0.0000,0.0000,0.0000,0.0000
"RECTAN"0,0,0,000000000000000000000000,0,16,4.044,0.004,-2.619,0.0000,0.0000,0.0000,0.0000,0.0000
"RECTAN"0,0,0,000000000000000000000000,0,16,-0.387,-0.003,1.304,0.0000,0.0000,0.0000,0.0000,0.0000
"RECTAN"0,0,0,000000000000000000000000,0,16,-1.050,0.029,1.708,0.0000,0.0000,0.0000,0.0000,0.0000
"RECTAN"0,0,0,000000000000000000000000,0,16,0.002,-0.749,-0.024,0.0000,0.0000,0.0000,0.0000,0.0000
"RECTAN"0,0,0,000000000000000000000000,0,16,-1.030,-0.025,3.232,0.0000,0.0000,0.0000,0.0000,0.0000
"UNUSED"
"UNUSED"
"UNUSED"
"UNUSED"
"UNUSED"
"UNUSED"
"UNUSED"
"UNUSED"
"UNUSED"
"UNUSED"
"UNUSED"
"UNUSED"
"UNUSED"
"UNUSED"
"UNUSED"
"UNUSED"
"UNUSED"
"UNUSED"
"UNUSED"
"UNUSED"
"UNUSED"
"UNUSED"
"UNUSED"
"UNUSED"
"UNUSED"
"UNUSED"
"UNUSED"
"UNUSED"
"UNUSED"
"UNUSED"
"UNUSED"
"UNUSED"
"UNUSED"
"UNUSED"
"UNUSED"
"UNUSED"
"UNUSED"
"UNUSED"
"UNUSED"
"UNUSED"
"UNUSED"
"UNUSED"
"UNUSED"
"UNUSED"
"UNUSED"
"UNUSED"
"UNUSED"
"UNUSED"
"UNUSED"
"UNUSED"
"UNUSED"
"UNUSED"
"UNUSED"
"UNUSED"
"UNUSED"
"UNUSED"
"UNUSED"
"UNUSED"
"UNUSED"
"UNUSED"
"UNUSED"
"UNUSED"
"UNUSED"
"UNUSED"
"UNUSED"
"UNUSED"
"UNUSED"
"UNUSED"
"UNUSED"
"UNUSED"
"UNUSED"
"UNUSED"
"RECTAN"0,0,0,001000000000000000000000,0,16,2.332,-5.281,-1.258,0.0000,0.0000,0.0000,0.0000,0.0000
"RECTAN"0,0,0,000000000000000000000000,0,16,-2.026,0.009,3.534,0.0000,0.0000,0.0000,0.0000,0.0000
"RECTAN"0,0,0,001000000000000000000000,0,16,-2.023,0.001,1.732,0.0000,0.0000,0.0000,0.0000,0.0000
"RECTAN"0,0,0,001000000000000000000000,0,16,0.138,-0.044,1.539,0.0000,0.0000,0.0000,0.0000,0.0000
"RECTAN"0,0,0,001000000000000000000000,0,16,-0.309,-0.010,1.636,0.0000,0.0000,0.0000,0.0000,0.0000
"RECTAN"0,0,0,001000000000000000000000,0,16,0.999,-9.916,8.214,0.0000,0.0000,0.0000,0.0000,0.0000
"RECTAN"0,0,0,001000000000000000000000,0,16,-2.492,-6.886,2.340,0.0000,0.0000,0.0000,0.0000,0.0000
"UNUSED"
"UNUSED"
"UNUSED"
"RECTAN"0,0,0,001000000000000000000000,0,16,-2.092,-0.040,5.096,0.0000,0.0000,0.0000,0.0000,0.0000
"UNUSED"
"UNUSED"
"UNUSED"
"PULSE"0,0,0,000000000000000000000000,0,0,0,-52277,40441,0,0,0,0,0
"UNUSED"
"UNUSED"
"UNUSED"
"UNUSED"
"UNUSED"
"UNUSED"
"UNUSED"
"UNUSED"
"UNUSED"
"UNUSED"
"UNUSED"
"UNUSED"
"UNUSED"
"UNUSED"
"UNUSED"
"UNUSED"
"UNUSED"
"UNUSED"
"UNUSED"
"UNUSED"
"UNUSED"
"UNUSED"
"UNUSED"
"UNUSED"
"UNUSED"
"UNUSED"
"UNUSED"
"UNUSED"
"UNUSED"
"UNUSED"
"UNUSED"
"UNUSED"
"UNUSED"
"UNUSED"
"UNUSED"
"UNUSED"
"UNUSED"
"UNUSED"
"UNUSED"
"UNUSED"
"UNUSED"
"UNUSED"
"UNUSED"
"UNUSED"
"UNUSED"
"UNUSED"
"UNUSED"
"UNUSED"
"UNUSED"
"UNUSED"
"UNUSED"
"UNUSED"
"UNUSED"
"UNUSED"
"UNUSED"
"UNUSED"
"UNUSED"
"UNUSED"
"UNUSED"
"UNUSED"
"UNUSED"
"UNUSED"
"UNUSED"
"UNUSED"
"UNUSED"
"UNUSED"
"UNUSED"
"UNUSED"
"UNUSED"
"UNUSED"
"UNUSED"
"UNUSED"
"UNUSED"
"UNUSED"
"UNUSED"
"UNUSED"
"UNUSED"
"UNUSED"
"UNUSED"
"UNUSED"
"UNUSED"
"UNUSED"
"UNUSED"
"UNUSED"
"UNUSED"
"UNUSED"
"UNUSED"
"UNUSED"
"UNUSED"
"UNUSED"
"UNUSED"
"UNUSED"
"UNUSED"
"UNUSED"
"UNUSED"
"UNUSED"
"UNUSED"
"UNUSED"
"UNUSED"
"UNUSED"
"UNUSED"
"UNUSED"
"UNUSED"
"UNUSED"
"UNUSED"
"UNUSED"
"UNUSED"
"UNUSED"
"UNUSED"
"UNUSED"
"UNUSED"
"UNUSED"
"UNUSED"
"UNUSED"
"UNUSED"
"UNUSED"
"UNUSED"
"UNUSED"
"UNUSED"
"UNUSED"
"UNUSED"
"UNUSED"
"UNUSED"
"UNUSED"
"UNUSED"
"UNUSED"
"UNUSED"
"UNUSED"
"UNUSED"
"UNUSED"
"UNUSED"
"UNUSED"
"UNUSED"
"UNUSED"
"UNUSED"
"UNUSED"
"UNUSED"
"UNUSED"
"UNUSED"
"UNUSED"
"UNUSED"
"UNUSED"
"UNUSED"
"UNUSED"
"UNUSED"
"UNUSED"
"UNUSED"
"UNUSED"
"UNUSED"
"UNUSED"
"UNUSED"
"UNUSED"
"UNUSED"
"UNUSED"
"UNUSED"
"UNUSED"
"UNUSED"
"UNUSED"
"UNUSED"
"UNUSED"
"UNUSED"
"UNUSED"
"UNUSED"
"UNUSED"
"UNUSED"
"UNUSED"
"UNUSED"
"UNUSED"
"UNUSED"
"UNUSED"
"UNUSED"
"UNUSED"
"UNUSED"
"UNUSED"
"UNUSED"
"UNUSED"
"PULSE"0,0,0,000000000000000000000000,0,0,0,-52291,40531,-6681,6880,4603,0,0
"UNUSED"
"UNUSED"
"RECTAN"0,0,0,001000000000000000000000,0,16,2847.206,753.462,-1043.187,19.7884,31.9395,84.2983,0.0000,0.0000
"UNUSED"
"UNUSED"
"PULSE"0,0,0,000000000000000000000000,0,0,97618,-24311,-14793,-38493,5433,43135,0,0
"PULSE"0,0,0,000000000000000000000000,0,0,11757,-33349,25635,11036,-45386,-3749,0,0
"PULSE"0,0,0,000000000000000000000000,0,0,69111,-1739,66180,73264,-71877,17252,0,0
"PULSE"0,0,0,000000000000000000000000,0,0,0,-24029,84339,0,19981,0,0,0
"PULSE"0,0,0,000000000000000000000000,0,0,36003,-29749,52723,1982,-19347,-61033,0,0
"RECTAN"0,0,0,000000000000000000000000,0,16,7663.875,-858.342,-1032.708,42.0001,38.3231,-151.3807,0.0000,0.0000
"RECTAN"0,2,0,001000000000000000000000,0,19,3220.176,584.275,-101.672,12.6767,40.9461,-72.4878,0.0000,0.0000
"PULSE"0,0,0,000000000000000000000000,0,0,0,-24824,71889,0,-79867,0,0,0
"PULSE"0,0,0,000000000000000000000000,0,0,0,-52277,40442,0,6872,2,0,0
"PULSE"0,0,0,000000000000000000000000,0,0,0,-36642,16905,0,48372,0,0,0
"UNUSED"
"RECTAN"0,0,0,001000000000000000000000,0,16,5353.178,622.798,-1071.023,12.4630,40.4062,-72.7639,0.0000,0.0000
"RECTAN"0,0,0,001000000000000000000000,0,16,7357.394,603.822,-1049.439,24.2349,43.9445,-73.6146,0.0000,0.0000
"PULSE"0,0,0,000000000000000000000000,0,0,-99288,-11708,19065,-14233,-20220,-40075,0,0
"PULSE"0,0,0,000000000000000000000000,0,0,82500,-13648,17375,-36975,-24607,62039,0,0
"PULSE"0,0,0,000000000000000000000000,0,0,95440,24827,14742,106571,-80983,-14760,0,0
"RECTAN"0,0,0,001010000000000000000000,0,16,3986.886,-918.313,-1037.815,38.0000,-39.7449,-154.9585,0.0000,0.0000
"UNUSED"
"UNUSED"
"PULSE"0,0,0,000000000000000000000000,0,0,-16531,-47391,-5944,24941,-64583,0,0,0
"UNUSED"
"PULSE"0,0,0,000000000000000000000000,0,0,29141,-10140,-21674,-91376,-45194,86627,0,0
"RECTAN"0,2,0,001010000000000000000000,0,19,521.346,887.346,-70.524,-25.6355,-42.2763,149.3345,0.0000,0.0000
"RECTAN"0,3,0,001010000000000000000000,0,19,640.857,156.120,28.798,-33.8366,-41.3860,175.1295,0.0000,0.0000
"RECTAN"0,4,0,001010000000000000000000,0,19,450.797,2.214,6.979,29.1291,-35.6702,-139.6106,0.0000,0.0000
"RECTAN"0,5,0,001000000000000000000000,0,19,4800.199,10.543,-2.288,9.9254,33.6872,-86.7944,0.0000,0.0000
"RECTAN"0,6,0,001010000000000000000000,0,19,1350.226,-9.680,-6.376,-2.1996,-49.3738,110.1981,0.0000,0.0000
"RECTAN"0,7,0,000000000000000000000000,0,19,4850.824,45.496,-8.469,-11.5018,-31.3168,83.5568,0.0000,0.0000
"RECTAN"0,8,0,000000000000000000000000,0,19,4850.300,2.888,2.401,9.7312,-43.1936,-77.3508,0.0000,0.0000
"PULSE"0,0,0,000000000000000000000000,0,0,0,-53930,13076,3585,24602,-36301,0,0
"PULSE"0,0,0,000000000000000000000000,0,0,40577,-31455,-39147,101508,36831,1521,0,0
"UNUSED"
"UNUSED"
"UNUSED"
"UNUSED"
"UNUSED"
"UNUSED"
"UNUSED"
"UNUSED"
"UNUSED"
"UNUSED"
"UNUSED"
"UNUSED"
"UNUSED"
"UNUSED"
"UNUSED"
"UNUSED"
"UNUSED"
"UNUSED"
"UNUSED"
"UNUSED"
"UNUSED"
"UNUSED"
"UNUSED"
"UNUSED"
"UNUSED"
"UNUSED"
"UNUSED"
"UNUSED"
"UNUSED"
"UNUSED"
"UNUSED"
"UNUSED"
"UNUSED"
"UNUSED"
"UNUSED"
"UNUSED"
"UNUSED"
"UNUSED"
"UNUSED"
"UNUSED"
"UNUSED"
"UNUSED"
"UNUSED"
"UNUSED"
"UNUSED"
"UNUSED"
"UNUSED"
"UNUSED"
"UNUSED"
"RECTAN"0,0,0,000000000000000000000000,0,16,-1.000,0.000,-1.000,0.0000,0.0000,0.0000,0.0000,0.0000
"UNUSED"
"UNUSED"
"UNUSED"
"UNUSED"
"UNUSED"
"UNUSED"
"UNUSED"
"UNUSED"
"UNUSED"
"UNUSED"
"UNUSED"
"UNUSED"
"UNUSED"
"UNUSED"
"UNUSED"
"UNUSED"
"UNUSED"
"UNUSED"
"UNUSED"
"UNUSED"
"UNUSED"
"UNUSED"
"UNUSED"
"UNUSED"
"UNUSED"
"UNUSED"
"UNUSED"
"UNUSED"
"UNUSED"
"UNUSED"
"UNUSED"
"UNUSED"
"UNUSED"
"UNUSED"
"UNUSED"
"UNUSED"
"UNUSED"
"UNUSED"
"UNUSED"
"UNUSED"
"UNUSED"
"UNUSED"
"UNUSED"
"UNUSED"
"UNUSED"
"UNUSED"
"UNUSED"
"UNUSED"
"UNUSED"
"UNUSED"
"UNUSED"
"UNUSED"
"UNUSED"
"UNUSED"
"UNUSED"
"UNUSED"
"UNUSED"
"UNUSED"
"UNUSED"
"UNUSED"
"UNUSED"
"UNUSED"
"UNUSED"
"UNUSED"
"UNUSED"
"UNUSED"
"UNUSED"
"UNUSED"
"UNUSED"
"UNUSED"
"UNUSED"
"UNUSED"
"UNUSED"
"UNUSED"
"UNUSED"
"UNUSED"
"UNUSED"
"UNUSED"
"UNUSED"
"UNUSED"
"UNUSED"
"UNUSED"
"UNUSED"
"UNUSED"
"UNUSED"
"UNUSED"
"UNUSED"
"UNUSED"
"UNUSED"
"UNUSED"
"UNUSED"
"UNUSED"
"UNUSED"
"UNUSED"
"UNUSED"
"UNUSED"
"UNUSED"
"UNUSED"
"UNUSED"
"UNUSED"
"UNUSED"
"UNUSED"
"UNUSED"
"UNUSED"
"UNUSED"
"UNUSED"
"UNUSED"
"UNUSED"
"UNUSED"
"UNUSED"
"UNUSED"
"UNUSED"
"UNUSED"
"UNUSED"
"UNUSED"
"UNUSED"
"UNUSED"
"UNUSED"
"UNUSED"
"UNUSED"
"UNUSED"
"UNUSED"
"UNUSED"
"UNUSED"
"UNUSED"
"UNUSED"
"UNUSED"
"UNUSED"
"UNUSED"
"UNUSED"
"UNUSED"
"UNUSED"
"UNUSED"
"UNUSED"
"UNUSED"
"UNUSED"
"UNUSED"
"UNUSED"
"UNUSED"
"UNUSED"
"UNUSED"
"UNUSED"
"UNUSED"
"UNUSED"
"UNUSED"
"UNUSED"
"UNUSED"
"UNUSED"
"UNUSED"
"UNUSED"
"UNUSED"
"UNUSED"
"UNUSED"
"UNUSED"
"UNUSED"
"UNUSED"
"UNUSED"
"UNUSED"
"UNUSED"
"UNUSED"
"UNUSED"
"UNUSED"
"UNUSED"
"UNUSED"
"UNUSED"
"UNUSED"
"UNUSED"
"UNUSED"
"UNUSED"
"UNUSED"
"UNUSED"
"UNUSED"
"UNUSED"
"UNUSED"
"UNUSED"
"UNUSED"
"UNUSED"
"UNUSED"
"UNUSED"
"UNUSED"
"UNUSED"
"UNUSED"
"UNUSED"
"UNUSED"
"UNUSED"
"UNUSED"
"UNUSED"
"UNUSED"
"UNUSED"
"UNUSED"
"UNUSED"
"UNUSED"
"UNUSED"
"UNUSED"
"UNUSED"
"UNUSED"
"UNUSED"
"UNUSED"
"UNUSED"
"UNUSED"
"UNUSED"
"UNUSED"
"UNUSED"
"UNUSED"
"UNUSED"
"UNUSED"
"UNUSED"
"UNUSED"
"UNUSED"
"UNUSED"
"UNUSED"
"UNUSED"
"UNUSED"
"UNUSED"
"UNUSED"
"UNUSED"
"UNUSED"
"UNUSED"
"UNUSED"
"UNUSED"
"UNUSED"
"UNUSED"
"UNUSED"
"UNUSED"
"UNUSED"
"UNUSED"
"UNUSED"
"UNUSED"
"UNUSED"
"UNUSED"
"UNUSED"
"UNUSED"
"UNUSED"
"UNUSED"
"UNUSED"
"UNUSED"
"UNUSED"
"UNUSED"
"UNUSED"
"UNUSED"
"UNUSED"
"UNUSED"
"UNUSED"
"UNUSED"
"UNUSED"
"PULSE"0,0,0,000000000000000000000000,0,0,0,0,0,0,0,0,0,0
///BP
"PULSE"0,0,0,000000000000000000000000,0,0,413138,0,0,0,0,0,0,0
"RECTAN"0,0,0,000000000000000000000000,0,16,5940.137,0.000,0.000,0.0000,0.0000,0.0000,0.0000,0.0000
"UNUSED"
"UNUSED"
"PULSE"0,0,0,000000000000000000000000,0,0,655412,0,0,0,0,0,0,0
"UNUSED"
"RECTAN"0,0,0,000000000000000000000000,0,16,5940.137,0.000,0.000,0.0000,0.0000,0.0000,0.0000,0.0000
"RECTAN"0,0,0,000000000000000000000000,0,16,-200.000,0.000,0.000,0.0000,0.0000,0.0000,0.0000,0.0000
"RECTAN"0,0,0,000000000000000000000000,0,16,0.000,0.000,0.000,0.0000,0.0000,0.0000,0.0000,0.0000
"RECTAN"0,0,0,000000000000000000000000,0,16,0.000,0.000,0.000,0.0000,0.0000,0.0000,0.0000,0.0000
"PULSE"0,0,0,000000000000000000000000,0,0,655412,0,0,0,0,0,0,0
"PULSE"0,0,0,000000000000000000000000,0,0,716865,0,0,0,0,0,0,0
"UNUSED"
"UNUSED"
"UNUSED"
"UNUSED"
"UNUSED"
"UNUSED"
"UNUSED"
"UNUSED"
"UNUSED"
"UNUSED"
"UNUSED"
"UNUSED"
"UNUSED"
"UNUSED"
"UNUSED"
"UNUSED"
"UNUSED"
"UNUSED"
"UNUSED"
"UNUSED"
"UNUSED"
"UNUSED"
"UNUSED"
"UNUSED"
"UNUSED"
"UNUSED"
"UNUSED"
"UNUSED"
"UNUSED"
"UNUSED"
"UNUSED"
"UNUSED"
"UNUSED"
"UNUSED"
"UNUSED"
"UNUSED"
"UNUSED"
"UNUSED"
"UNUSED"
"UNUSED"
"UNUSED"
"UNUSED"
"UNUSED"
"UNUSED"
"UNUSED"
"UNUSED"
"UNUSED"
"UNUSED"
"UNUSED"
"UNUSED"
"UNUSED"
"UNUSED"
"UNUSED"
"UNUSED"
"UNUSED"
"UNUSED"
"UNUSED"
"UNUSED"
"UNUSED"
"UNUSED"
"UNUSED"
"UNUSED"
"UNUSED"
"UNUSED"
"UNUSED"
"UNUSED"
"UNUSED"
"UNUSED"
"UNUSED"
"UNUSED"
"UNUSED"
"UNUSED"
"UNUSED"
"UNUSED"
"UNUSED"
"UNUSED"
"UNUSED"
"UNUSED"
"UNUSED"
"UNUSED"
"UNUSED"
"UNUSED"
"UNUSED"
"UNUSED"
"UNUSED"
"UNUSED"
"UNUSED"
"RECTAN"0,0,0,000000000000000000000000,0,16,2322.387,0.000,0.000,0.0000,0.0000,0.0000,0.0000,0.0000
"RECTAN"0,0,0,000000000000000000000000,0,16,2689.532,0.000,0.000,0.0000,0.0000,0.0000,0.0000,0.0000
"RECTAN"0,0,0,000000000000000000000000,0,16,3089.794,0.000,0.000,0.0000,0.0000,0.0000,0.0000,0.0000
"RECTAN"0,0,0,000000000000000000000000,0,16,3466.867,0.000,0.000,0.0000,0.0000,0.0000,0.0000,0.0000
"RECTAN"0,0,0,000000000000000000000000,0,16,3866.620,0.000,0.000,0.0000,0.0000,0.0000,0.0000,0.0000
"RECTAN"0,0,0,000000000000000000000000,0,16,4266.739,0.000,0.000,0.0000,0.0000,0.0000,0.0000,0.0000
"RECTAN"0,0,0,000000000000000000000000,0,16,4666.792,0.000,0.000,0.0000,0.0000,0.0000,0.0000,0.0000
"RECTAN"0,0,0,000000000000000000000000,0,16,5066.825,0.000,0.000,0.0000,0.0000,0.0000,0.0000,0.0000
"RECTAN"0,0,0,000000000000000000000000,0,16,5466.781,0.000,0.000,0.0000,0.0000,0.0000,0.0000,0.0000
"RECTAN"0,0,0,000000000000000000000000,0,16,5867.010,0.000,0.000,0.0000,0.0000,0.0000,0.0000,0.0000
"RECTAN"0,0,0,000000000000000000000000,0,16,6183.442,0.000,0.000,0.0000,0.0000,0.0000,0.0000,0.0000
"RECTAN"0,0,0,000000000000000000000000,0,16,5931.608,0.000,0.000,0.0000,0.0000,0.0000,0.0000,0.0000
"RECTAN"0,0,0,000000000000000000000000,0,16,5960.552,0.000,0.000,0.0000,0.0000,0.0000,0.0000,0.0000
"RECTAN"0,0,0,000000000000000000000000,0,16,5960.545,0.000,0.000,0.0000,0.0000,0.0000,0.0000,0.0000
"RECTAN"0,0,0,000000000000000000000000,0,16,5960.552,0.000,0.000,0.0000,0.0000,0.0000,0.0000,0.0000
"UNUSED"
"UNUSED"
"UNUSED"
"UNUSED"
"UNUSED"
"UNUSED"
"UNUSED"
"RECTAN"0,0,0,000000000000000000000000,0,16,0.046,0.000,0.000,0.0000,0.0000,0.0000,0.0000,0.0000
"UNUSED"
"UNUSED"
"UNUSED"
"UNUSED"
"UNUSED"
"UNUSED"
"UNUSED"
"UNUSED"
"UNUSED"
"UNUSED"
"UNUSED"
"UNUSED"
"UNUSED"
"UNUSED"
"UNUSED"
"UNUSED"
"UNUSED"
"UNUSED"
"UNUSED"
"UNUSED"
"UNUSED"
"UNUSED"
"UNUSED"
"UNUSED"
"UNUSED"
"UNUSED"
"UNUSED"
"UNUSED"
"UNUSED"
"UNUSED"
"UNUSED"
"UNUSED"
"UNUSED"
"UNUSED"
"UNUSED"
"UNUSED"
"UNUSED"
"UNUSED"
"UNUSED"
"UNUSED"
"UNUSED"
"UNUSED"
"UNUSED"
"UNUSED"
"UNUSED"
"UNUSED"
"UNUSED"
"UNUSED"
"UNUSED"
"UNUSED"
"UNUSED"
"UNUSED"
"UNUSED"
"UNUSED"
"UNUSED"
"UNUSED"
"UNUSED"
"UNUSED"
"UNUSED"
"UNUSED"
"UNUSED"
"UNUSED"
"UNUSED"
"UNUSED"
"UNUSED"
"UNUSED"
"UNUSED"
"UNUSED"
"UNUSED"
"UNUSED"
"UNUSED"
"UNUSED"
"UNUSED"
"UNUSED"
"UNUSED"
"UNUSED"
"UNUSED"
"UNUSED"
"UNUSED"
"UNUSED"
"UNUSED"
"UNUSED"
"UNUSED"
"UNUSED"
"UNUSED"
"UNUSED"
"UNUSED"
"UNUSED"
"UNUSED"
"UNUSED"
"UNUSED"
"UNUSED"
"UNUSED"
"UNUSED"
"UNUSED"
"UNUSED"
"UNUSED"
"UNUSED"
"UNUSED"
"UNUSED"
"UNUSED"
"UNUSED"
"UNUSED"
"UNUSED"
"UNUSED"
"UNUSED"
"UNUSED"
"UNUSED"
"UNUSED"
"UNUSED"
"UNUSED"
"UNUSED"
"UNUSED"
"UNUSED"
"UNUSED"
"UNUSED"
"UNUSED"
"UNUSED"
"UNUSED"
"UNUSED"
"UNUSED"
"UNUSED"
"UNUSED"
"UNUSED"
"UNUSED"
"UNUSED"
"UNUSED"
"UNUSED"
"UNUSED"
"UNUSED"
"UNUSED"
"UNUSED"
"UNUSED"
"UNUSED"
///EX
