//SETTM 0
0,
0,
0,
0,
0,
0,0,
//SETTM 1
0,
0,
0,
0,
0,
0,0,
//SETTM 2
0,
0,
0,
0,
0,
0,0,
//SETTM 3
0,
0,
0,
0,
0,
0,0,
//SETTM 4
0,
0,
0,
0,
0,
0,0,
//SETTM 5
0,
0,
0,
0,
0,
0,0,
//SETTM 6
0,
0,
0,
0,
0,
0,0,
//SETTM 7
0,
0,
0,
0,
0,
0,0,
//SETTM 8
0,
0,
0,
0,
0,
0,0,
//SETTM 9
0,
0,
0,
0,
0,
0,0,
//SETTM 10
0,
0,
0,
0,
0,
0,0,
//SETTM 11
0,
0,
0,
0,
0,
0,0,
//SETTM 12
0,
0,
0,
0,
0,
0,0,
//SETTM 13
0,
0,
0,
0,
0,
0,0,
//SETTM 14
0,
0,
0,
0,
0,
0,0,
//SETTM 15
0,
0,
0,
0,
0,
0,0,
//SETTM 16
0,
0,
0,
0,
0,
0,0,
//SETTM 17
0,
0,
0,
0,
0,
0,0,
//SETTM 18
0,
0,
0,
0,
0,
0,0,
//SETTM 19
0,
0,
0,
0,
0,
0,0,
//SETTM 20
0,
0,
0,
0,
0,
0,0,
//SETTM 21
0,
0,
0,
0,
0,
0,0,
//SETTM 22
0,
0,
0,
0,
0,
0,0,
//SETTM 23
0,
0,
0,
0,
0,
0,0,
//SETTM 24
0,
0,
0,
0,
0,
0,0,
//SETTM 25
0,
0,
0,
0,
0,
0,0,
//SETTM 26
0,
0,
0,
0,
0,
0,0,
//SETTM 27
0,
0,
0,
0,
0,
0,0,
//SETTM 28
0,
0,
0,
0,
0,
0,0,
//SETTM 29
0,
0,
0,
0,
0,
0,0,
//SETTM 30
0,
0,
0,
0,
0,
0,0,
//SETTM 31
0,
0,
0,
0,
0,
0,0,
//SETTM 32
0,
0,
0,
0,
0,
0,0,
//SETTM 33
0,
0,
0,
0,
0,
0,0,
//SETTM 34
0,
0,
0,
0,
0,
0,0,
//SETTM 35
0,
0,
0,
0,
0,
0,0,
//SETTM 36
0,
0,
0,
0,
0,
0,0,
//SETTM 37
0,
0,
0,
0,
0,
0,0,
//SETTM 38
0,
0,
0,
0,
0,
0,0,
//SETTM 39
0,
0,
0,
0,
0,
0,0,
//SETTM 40
0,
0,
0,
0,
0,
0,0,
//SETTM 41
0,
0,
0,
0,
0,
0,0,
//SETTM 42
0,
0,
0,
0,
0,
0,0,
//SETTM 43
0,
0,
0,
0,
0,
0,0,
//SETTM 44
0,
0,
0,
0,
0,
0,0,
//SETTM 45
0,
0,
0,
0,
0,
0,0,
//SETTM 46
0,
0,
0,
0,
0,
0,0,
//SETTM 47
0,
0,
0,
0,
0,
0,0,
//SETTM 48
0,
0,
0,
0,
0,
0,0,
//SETTM 49
0,
0,
0,
0,
0,
0,0,
//SETTM 50
0,
0,
0,
0,
0,
0,0,
//SETTM 51
0,
0,
0,
0,
0,
0,0,
//SETTM 52
0,
0,
0,
0,
0,
0,0,
//SETTM 53
0,
0,
0,
0,
0,
0,0,
//SETTM 54
0,
0,
0,
0,
0,
0,0,
//SETTM 55
0,
0,
0,
0,
0,
0,0,
//SETTM 56
0,
0,
0,
0,
0,
0,0,
//SETTM 57
0,
0,
0,
0,
0,
0,0,
//SETTM 58
0,
0,
0,
0,
0,
0,0,
//SETTM 59
0,
0,
0,
0,
0,
0,0,
