//TLANGMON 1
///CRC 1558066036
///COMMENT
16091,64186
0,0,0,0
0,0
0.000,0.000,0.000,0.000
0,0,0
0.000,0.000,0.000
0.000,0.000,0.000
0,0
0,0
0,0
0,0
0,0
0
0
//TLANGMON 2
///CRC 1558066036
///COMMENT
16091,64186
0,0,0,0
0,0
0.000,0.000,0.000,0.000
0,0,0
0.000,0.000,0.000
0.000,0.000,0.000
0,0
0,0
0,0
0,0
0,0
0
0
//TLANGMON 3
///CRC 1558066036
///COMMENT
16091,64186
0,0,0,0
0,0
0.000,0.000,0.000,0.000
0,0,0
0.000,0.000,0.000
0.000,0.000,0.000
0,0
0,0
0,0
0,0
0,0
0
0
//TLANGMON 4
///CRC 1558066036
///COMMENT
16091,64186
0,0,0,0
0,0
0.000,0.000,0.000,0.000
0,0,0
0.000,0.000,0.000
0.000,0.000,0.000
0,0
0,0
0,0
0,0
0,0
0
0
//TLANGMON 5
///CRC 1558066036
///COMMENT
16091,64186
0,0,0,0
0,0
0.000,0.000,0.000,0.000
0,0,0
0.000,0.000,0.000
0.000,0.000,0.000
0,0
0,0
0,0
0,0
0,0
0
0
//TLANGMON 6
///CRC 1558066036
///COMMENT
16091,64186
0,0,0,0
0,0
0.000,0.000,0.000,0.000
0,0,0
0.000,0.000,0.000
0.000,0.000,0.000
0,0
0,0
0,0
0,0
0,0
0
0
//TLANGMON 7
///CRC 1558066036
///COMMENT
16091,64186
0,0,0,0
0,0
0.000,0.000,0.000,0.000
0,0,0
0.000,0.000,0.000
0.000,0.000,0.000
0,0
0,0
0,0
0,0
0,0
0
0
//TLANGMON 8
///CRC 1558066036
///COMMENT
16091,64186
0,0,0,0
0,0
0.000,0.000,0.000,0.000
0,0,0
0.000,0.000,0.000
0.000,0.000,0.000
0,0
0,0
0,0
0,0
0,0
0
0
//TLANGMON 9
///CRC 1558066036
///COMMENT
16091,64186
0,0,0,0
0,0
0.000,0.000,0.000,0.000
0,0,0
0.000,0.000,0.000
0.000,0.000,0.000
0,0
0,0
0,0
0,0
0,0
0
0
//TLANGMON 10
///CRC 1558066036
///COMMENT
16091,64186
0,0,0,0
0,0
0.000,0.000,0.000,0.000
0,0,0
0.000,0.000,0.000
0.000,0.000,0.000
0,0
0,0
0,0
0,0
0,0
0
0
//TLANGMON 11
///CRC 1558066036
///COMMENT
16091,64186
0,0,0,0
0,0
0.000,0.000,0.000,0.000
0,0,0
0.000,0.000,0.000
0.000,0.000,0.000
0,0
0,0
0,0
0,0
0,0
0
0
//TLANGMON 12
///CRC 1558066036
///COMMENT
16091,64186
0,0,0,0
0,0
0.000,0.000,0.000,0.000
0,0,0
0.000,0.000,0.000
0.000,0.000,0.000
0,0
0,0
0,0
0,0
0,0
0
0
//TLANGMON 13
///CRC 1558066036
///COMMENT
16091,64186
0,0,0,0
0,0
0.000,0.000,0.000,0.000
0,0,0
0.000,0.000,0.000
0.000,0.000,0.000
0,0
0,0
0,0
0,0
0,0
0
0
//TLANGMON 14
///CRC 1558066036
///COMMENT
16091,64186
0,0,0,0
0,0
0.000,0.000,0.000,0.000
0,0,0
0.000,0.000,0.000
0.000,0.000,0.000
0,0
0,0
0,0
0,0
0,0
0
0
//TLANGMON 15
///CRC 1558066036
///COMMENT
16091,64186
0,0,0,0
0,0
0.000,0.000,0.000,0.000
0,0,0
0.000,0.000,0.000
0.000,0.000,0.000
0,0
0,0
0,0
0,0
0,0
0
0
//TLANGMON 16
///CRC 1558066036
///COMMENT
16091,64186
0,0,0,0
0,0
0.000,0.000,0.000,0.000
0,0,0
0.000,0.000,0.000
0.000,0.000,0.000
0,0
0,0
0,0
0,0
0,0
0
0
//TLANGMON 17
///CRC 1558066036
///COMMENT
16091,64186
0,0,0,0
0,0
0.000,0.000,0.000,0.000
0,0,0
0.000,0.000,0.000
0.000,0.000,0.000
0,0
0,0
0,0
0,0
0,0
0
0
//TLANGMON 18
///CRC 1558066036
///COMMENT
16091,64186
0,0,0,0
0,0
0.000,0.000,0.000,0.000
0,0,0
0.000,0.000,0.000
0.000,0.000,0.000
0,0
0,0
0,0
0,0
0,0
0
0
//TLANGMON 19
///CRC 1558066036
///COMMENT
16091,64186
0,0,0,0
0,0
0.000,0.000,0.000,0.000
0,0,0
0.000,0.000,0.000
0.000,0.000,0.000
0,0
0,0
0,0
0,0
0,0
0
0
//TLANGMON 20
///CRC 1558066036
///COMMENT
16091,64186
0,0,0,0
0,0
0.000,0.000,0.000,0.000
0,0,0
0.000,0.000,0.000
0.000,0.000,0.000
0,0
0,0
0,0
0,0
0,0
0
0
//TLANGMON 21
///CRC 1558066036
///COMMENT
16091,64186
0,0,0,0
0,0
0.000,0.000,0.000,0.000
0,0,0
0.000,0.000,0.000
0.000,0.000,0.000
0,0
0,0
0,0
0,0
0,0
0
0
//TLANGMON 22
///CRC 1558066036
///COMMENT
16091,64186
0,0,0,0
0,0
0.000,0.000,0.000,0.000
0,0,0
0.000,0.000,0.000
0.000,0.000,0.000
0,0
0,0
0,0
0,0
0,0
0
0
//TLANGMON 23
///CRC 1558066036
///COMMENT
16091,64186
0,0,0,0
0,0
0.000,0.000,0.000,0.000
0,0,0
0.000,0.000,0.000
0.000,0.000,0.000
0,0
0,0
0,0
0,0
0,0
0
0
//TLANGMON 24
///CRC 1558066036
///COMMENT
16091,64186
0,0,0,0
0,0
0.000,0.000,0.000,0.000
0,0,0
0.000,0.000,0.000
0.000,0.000,0.000
0,0
0,0
0,0
0,0
0,0
0
0
//TLANGMON 25
///CRC 1558066036
///COMMENT
16091,64186
0,0,0,0
0,0
0.000,0.000,0.000,0.000
0,0,0
0.000,0.000,0.000
0.000,0.000,0.000
0,0
0,0
0,0
0,0
0,0
0
0
//TLANGMON 26
///CRC 1558066036
///COMMENT
16091,64186
0,0,0,0
0,0
0.000,0.000,0.000,0.000
0,0,0
0.000,0.000,0.000
0.000,0.000,0.000
0,0
0,0
0,0
0,0
0,0
0
0
//TLANGMON 27
///CRC 1558066036
///COMMENT
16091,64186
0,0,0,0
0,0
0.000,0.000,0.000,0.000
0,0,0
0.000,0.000,0.000
0.000,0.000,0.000
0,0
0,0
0,0
0,0
0,0
0
0
//TLANGMON 28
///CRC 1558066036
///COMMENT
16091,64186
0,0,0,0
0,0
0.000,0.000,0.000,0.000
0,0,0
0.000,0.000,0.000
0.000,0.000,0.000
0,0
0,0
0,0
0,0
0,0
0
0
//TLANGMON 29
///CRC 1558066036
///COMMENT
16091,64186
0,0,0,0
0,0
0.000,0.000,0.000,0.000
0,0,0
0.000,0.000,0.000
0.000,0.000,0.000
0,0
0,0
0,0
0,0
0,0
0
0
//TLANGMON 30
///CRC 1558066036
///COMMENT
16091,64186
0,0,0,0
0,0
0.000,0.000,0.000,0.000
0,0,0
0.000,0.000,0.000
0.000,0.000,0.000
0,0
0,0
0,0
0,0
0,0
0
0
//TLANGMON 31
///CRC 1558066036
///COMMENT
16091,64186
0,0,0,0
0,0
0.000,0.000,0.000,0.000
0,0,0
0.000,0.000,0.000
0.000,0.000,0.000
0,0
0,0
0,0
0,0
0,0
0
0
//TLANGMON 32
///CRC 1558066036
///COMMENT
16091,64186
0,0,0,0
0,0
0.000,0.000,0.000,0.000
0,0,0
0.000,0.000,0.000
0.000,0.000,0.000
0,0
0,0
0,0
0,0
0,0
0
0
