//AXRNGLMT 1
///CRC 798825466
///COMMENT
16246,64165
0,0,0,0,8
0,0.000,0.000
1,8939.000,4080.000
0,0.000,0.000
0,0.000,0.000
0,0.000,0.000
0,0.000,0.000
0,0.000,0.000
0,0.000,0.000
0,0
0,0
0,0
0,0
0,0
0
0,0,0,0,0,0,0,0
0,0,0,0,0,0,0,0
//AXRNGLMT 2
///CRC 798825466
///COMMENT
16246,80877
0,0,1,0,16
0,0.000,0.000
1,1.000,-1.000
0,0.000,0.000
0,0.000,0.000
0,0.000,0.000
0,0.000,0.000
0,0.000,0.000
0,0.000,0.000
0,0
0,0
0,0
0,0
0,0
0
0,0,0,0,0,0,0,0
0,0,0,0,0,0,0,0
//AXRNGLMT 3
///CRC 798825466
///COMMENT
16427,74318
0,0,1,0,16
1,45.000,-45.000
0,0.000,0.000
0,0.000,0.000
0,0.000,0.000
0,0.000,0.000
0,0.000,0.000
0,0.000,0.000
0,0.000,0.000
0,0
0,0
0,0
0,0
0,0
0
1,0,0,0,0,0,0,0
1,0,0,0,0,0,0,0
//AXRNGLMT 4
///CRC 798825466
///COMMENT
16091,64186
0,0,0,0,0
0,0.000,0.000
0,0.000,0.000
0,0.000,0.000
0,0.000,0.000
0,0.000,0.000
0,0.000,0.000
0,0.000,0.000
0,0.000,0.000
0,0
0,0
0,0
0,0
0,0
0
0,0,0,0,0,0,0,0
0,0,0,0,0,0,0,0
//AXRNGLMT 5
///CRC 798825466
///COMMENT
16091,64186
0,0,0,0,0
0,0.000,0.000
0,0.000,0.000
0,0.000,0.000
0,0.000,0.000
0,0.000,0.000
0,0.000,0.000
0,0.000,0.000
0,0.000,0.000
0,0
0,0
0,0
0,0
0,0
0
0,0,0,0,0,0,0,0
0,0,0,0,0,0,0,0
//AXRNGLMT 6
///CRC 798825466
///COMMENT
16091,64186
0,0,0,0,0
0,0.000,0.000
0,0.000,0.000
0,0.000,0.000
0,0.000,0.000
0,0.000,0.000
0,0.000,0.000
0,0.000,0.000
0,0.000,0.000
0,0
0,0
0,0
0,0
0,0
0
0,0,0,0,0,0,0,0
0,0,0,0,0,0,0,0
//AXRNGLMT 7
///CRC 798825466
///COMMENT
16091,64186
0,0,0,0,0
0,0.000,0.000
0,0.000,0.000
0,0.000,0.000
0,0.000,0.000
0,0.000,0.000
0,0.000,0.000
0,0.000,0.000
0,0.000,0.000
0,0
0,0
0,0
0,0
0,0
0
0,0,0,0,0,0,0,0
0,0,0,0,0,0,0,0
//AXRNGLMT 8
///CRC 798825466
///COMMENT
16091,64186
0,0,0,0,0
0,0.000,0.000
0,0.000,0.000
0,0.000,0.000
0,0.000,0.000
0,0.000,0.000
0,0.000,0.000
0,0.000,0.000
0,0.000,0.000
0,0
0,0
0,0
0,0
0,0
0
0,0,0,0,0,0,0,0
0,0,0,0,0,0,0,0
//AXRNGLMT 9
///CRC 798825466
///COMMENT
16091,64186
0,0,0,0,0
0,0.000,0.000
0,0.000,0.000
0,0.000,0.000
0,0.000,0.000
0,0.000,0.000
0,0.000,0.000
0,0.000,0.000
0,0.000,0.000
0,0
0,0
0,0
0,0
0,0
0
0,0,0,0,0,0,0,0
0,0,0,0,0,0,0,0
//AXRNGLMT 10
///CRC 798825466
///COMMENT
16091,64186
0,0,0,0,0
0,0.000,0.000
0,0.000,0.000
0,0.000,0.000
0,0.000,0.000
0,0.000,0.000
0,0.000,0.000
0,0.000,0.000
0,0.000,0.000
0,0
0,0
0,0
0,0
0,0
0
0,0,0,0,0,0,0,0
0,0,0,0,0,0,0,0
//AXRNGLMT 11
///CRC 798825466
///COMMENT
16091,64186
0,0,0,0,0
0,0.000,0.000
0,0.000,0.000
0,0.000,0.000
0,0.000,0.000
0,0.000,0.000
0,0.000,0.000
0,0.000,0.000
0,0.000,0.000
0,0
0,0
0,0
0,0
0,0
0
0,0,0,0,0,0,0,0
0,0,0,0,0,0,0,0
//AXRNGLMT 12
///CRC 798825466
///COMMENT
16091,64186
0,0,0,0,0
0,0.000,0.000
0,0.000,0.000
0,0.000,0.000
0,0.000,0.000
0,0.000,0.000
0,0.000,0.000
0,0.000,0.000
0,0.000,0.000
0,0
0,0
0,0
0,0
0,0
0
0,0,0,0,0,0,0,0
0,0,0,0,0,0,0,0
//AXRNGLMT 13
///CRC 798825466
///COMMENT
16091,64186
0,0,0,0,0
0,0.000,0.000
0,0.000,0.000
0,0.000,0.000
0,0.000,0.000
0,0.000,0.000
0,0.000,0.000
0,0.000,0.000
0,0.000,0.000
0,0
0,0
0,0
0,0
0,0
0
0,0,0,0,0,0,0,0
0,0,0,0,0,0,0,0
//AXRNGLMT 14
///CRC 798825466
///COMMENT
16091,64186
0,0,0,0,0
0,0.000,0.000
0,0.000,0.000
0,0.000,0.000
0,0.000,0.000
0,0.000,0.000
0,0.000,0.000
0,0.000,0.000
0,0.000,0.000
0,0
0,0
0,0
0,0
0,0
0
0,0,0,0,0,0,0,0
0,0,0,0,0,0,0,0
//AXRNGLMT 15
///CRC 798825466
///COMMENT
16091,64186
0,0,0,0,0
0,0.000,0.000
0,0.000,0.000
0,0.000,0.000
0,0.000,0.000
0,0.000,0.000
0,0.000,0.000
0,0.000,0.000
0,0.000,0.000
0,0
0,0
0,0
0,0
0,0
0
0,0,0,0,0,0,0,0
0,0,0,0,0,0,0,0
//AXRNGLMT 16
///CRC 798825466
///COMMENT
16091,64186
0,0,0,0,0
0,0.000,0.000
0,0.000,0.000
0,0.000,0.000
0,0.000,0.000
0,0.000,0.000
0,0.000,0.000
0,0.000,0.000
0,0.000,0.000
0,0
0,0
0,0
0,0
0,0
0
0,0,0,0,0,0,0,0
0,0,0,0,0,0,0,0
//AXRNGLMT 17
///CRC 798825466
///COMMENT
16091,64186
0,0,0,0,0
0,0.000,0.000
0,0.000,0.000
0,0.000,0.000
0,0.000,0.000
0,0.000,0.000
0,0.000,0.000
0,0.000,0.000
0,0.000,0.000
0,0
0,0
0,0
0,0
0,0
0
0,0,0,0,0,0,0,0
0,0,0,0,0,0,0,0
//AXRNGLMT 18
///CRC 798825466
///COMMENT
16091,64186
0,0,0,0,0
0,0.000,0.000
0,0.000,0.000
0,0.000,0.000
0,0.000,0.000
0,0.000,0.000
0,0.000,0.000
0,0.000,0.000
0,0.000,0.000
0,0
0,0
0,0
0,0
0,0
0
0,0,0,0,0,0,0,0
0,0,0,0,0,0,0,0
//AXRNGLMT 19
///CRC 798825466
///COMMENT
16091,64186
0,0,0,0,0
0,0.000,0.000
0,0.000,0.000
0,0.000,0.000
0,0.000,0.000
0,0.000,0.000
0,0.000,0.000
0,0.000,0.000
0,0.000,0.000
0,0
0,0
0,0
0,0
0,0
0
0,0,0,0,0,0,0,0
0,0,0,0,0,0,0,0
//AXRNGLMT 20
///CRC 798825466
///COMMENT
16091,64186
0,0,0,0,0
0,0.000,0.000
0,0.000,0.000
0,0.000,0.000
0,0.000,0.000
0,0.000,0.000
0,0.000,0.000
0,0.000,0.000
0,0.000,0.000
0,0
0,0
0,0
0,0
0,0
0
0,0,0,0,0,0,0,0
0,0,0,0,0,0,0,0
//AXRNGLMT 21
///CRC 798825466
///COMMENT
16091,64186
0,0,0,0,0
0,0.000,0.000
0,0.000,0.000
0,0.000,0.000
0,0.000,0.000
0,0.000,0.000
0,0.000,0.000
0,0.000,0.000
0,0.000,0.000
0,0
0,0
0,0
0,0
0,0
0
0,0,0,0,0,0,0,0
0,0,0,0,0,0,0,0
//AXRNGLMT 22
///CRC 798825466
///COMMENT
16091,64186
0,0,0,0,0
0,0.000,0.000
0,0.000,0.000
0,0.000,0.000
0,0.000,0.000
0,0.000,0.000
0,0.000,0.000
0,0.000,0.000
0,0.000,0.000
0,0
0,0
0,0
0,0
0,0
0
0,0,0,0,0,0,0,0
0,0,0,0,0,0,0,0
//AXRNGLMT 23
///CRC 798825466
///COMMENT
16091,64186
0,0,0,0,0
0,0.000,0.000
0,0.000,0.000
0,0.000,0.000
0,0.000,0.000
0,0.000,0.000
0,0.000,0.000
0,0.000,0.000
0,0.000,0.000
0,0
0,0
0,0
0,0
0,0
0
0,0,0,0,0,0,0,0
0,0,0,0,0,0,0,0
//AXRNGLMT 24
///CRC 798825466
///COMMENT
16091,64186
0,0,0,0,0
0,0.000,0.000
0,0.000,0.000
0,0.000,0.000
0,0.000,0.000
0,0.000,0.000
0,0.000,0.000
0,0.000,0.000
0,0.000,0.000
0,0
0,0
0,0
0,0
0,0
0
0,0,0,0,0,0,0,0
0,0,0,0,0,0,0,0
//AXRNGLMT 25
///CRC 798825466
///COMMENT 1:90,2:+/-90
16956,40343
2,2,1,0,16
0,0.000,0.000
1,90.000,-90.000
0,0.000,0.000
0,0.000,0.000
0,0.000,0.000
0,0.000,0.000
0,0.000,0.000
0,0.000,0.000
195,1
0,0
0,0
0,0
0,0
0
0,0,0,0,0,0,0,0
0,0,0,0,0,0,0,0
//AXRNGLMT 26
///CRC 798825466
///COMMENT 1:-90,2:+/-90
16956,40347
2,2,1,0,16
0,0.000,0.000
1,90.000,-90.000
0,0.000,0.000
0,0.000,0.000
0,0.000,0.000
0,0.000,0.000
0,0.000,0.000
0,0.000,0.000
196,1
0,0
0,0
0,0
0,0
0
0,0,0,0,0,0,0,0
0,0,0,0,0,0,0,0
//AXRNGLMT 27
///CRC 798825466
///COMMENT 1:+/-90, 2:90
16956,40350
2,2,1,0,16
1,90.000,-90.000
0,0.000,0.000
0,0.000,0.000
0,0.000,0.000
0,0.000,0.000
0,0.000,0.000
0,0.000,0.000
0,0.000,0.000
199,1
0,0
0,0
0,0
0,0
0
0,0,0,0,0,0,0,0
0,0,0,0,0,0,0,0
//AXRNGLMT 28
///CRC 798825466
///COMMENT 1:+/-90, 2:-90
16956,40353
2,2,1,0,16
1,90.000,-90.000
0,0.000,0.000
0,0.000,0.000
0,0.000,0.000
0,0.000,0.000
0,0.000,0.000
0,0.000,0.000
0,0.000,0.000
200,1
0,0
0,0
0,0
0,0
0
0,0,0,0,0,0,0,0
0,0,0,0,0,0,0,0
//AXRNGLMT 29
///CRC 798825466
///COMMENT
16091,64186
0,0,0,0,0
0,0.000,0.000
0,0.000,0.000
0,0.000,0.000
0,0.000,0.000
0,0.000,0.000
0,0.000,0.000
0,0.000,0.000
0,0.000,0.000
0,0
0,0
0,0
0,0
0,0
0
0,0,0,0,0,0,0,0
0,0,0,0,0,0,0,0
//AXRNGLMT 30
///CRC 798825466
///COMMENT
16091,64186
0,0,0,0,0
0,0.000,0.000
0,0.000,0.000
0,0.000,0.000
0,0.000,0.000
0,0.000,0.000
0,0.000,0.000
0,0.000,0.000
0,0.000,0.000
0,0
0,0
0,0
0,0
0,0
0
0,0,0,0,0,0,0,0
0,0,0,0,0,0,0,0
//AXRNGLMT 31
///CRC 798825466
///COMMENT
16091,64186
0,0,0,0,0
0,0.000,0.000
0,0.000,0.000
0,0.000,0.000
0,0.000,0.000
0,0.000,0.000
0,0.000,0.000
0,0.000,0.000
0,0.000,0.000
0,0
0,0
0,0
0,0
0,0
0
0,0,0,0,0,0,0,0
0,0,0,0,0,0,0,0
//AXRNGLMT 32
///CRC 798825466
///COMMENT 1st 0deg
16954,68060
0,0,1,0,16
1,89.000,1.000
0,0.000,0.000
0,0.000,0.000
0,0.000,0.000
0,0.000,0.000
0,0.000,0.000
0,0.000,0.000
0,0.000,0.000
193,1
0,0
0,0
0,0
0,0
160
0,0,0,0,0,0,0,0
0,0,0,0,0,0,0,0
