//LCALIB 0
0
143.270,-32.046,163.792
-1.2049,17.3570,-2.0414
0.385,-0.699,-0.604
//LCALIB 1
0
0.000,0.000,0.000
0.0000,0.0000,0.0000
0.000,0.000,0.000
//LCALIB 2
0
0.000,0.000,0.000
0.0000,0.0000,0.0000
0.000,0.000,0.000
//LCALIB 3
0
0.000,0.000,0.000
0.0000,0.0000,0.0000
0.000,0.000,0.000
//LCALIB 4
0
0.000,0.000,0.000
0.0000,0.0000,0.0000
0.000,0.000,0.000
//LCALIB 5
0
0.000,0.000,0.000
0.0000,0.0000,0.0000
0.000,0.000,0.000
//LCALIB 6
0
0.000,0.000,0.000
0.0000,0.0000,0.0000
0.000,0.000,0.000
//LCALIB 7
0
0.000,0.000,0.000
0.0000,0.0000,0.0000
0.000,0.000,0.000
//LCALIB 8
0
0.000,0.000,0.000
0.0000,0.0000,0.0000
0.000,0.000,0.000
//LCALIB 9
0
0.000,0.000,0.000
0.0000,0.0000,0.0000
0.000,0.000,0.000
//LCALIB 10
0
0.000,0.000,0.000
0.0000,0.0000,0.0000
0.000,0.000,0.000
//LCALIB 11
0
0.000,0.000,0.000
0.0000,0.0000,0.0000
0.000,0.000,0.000
//LCALIB 12
0
0.000,0.000,0.000
0.0000,0.0000,0.0000
0.000,0.000,0.000
//LCALIB 13
0
0.000,0.000,0.000
0.0000,0.0000,0.0000
0.000,0.000,0.000
//LCALIB 14
0
0.000,0.000,0.000
0.0000,0.0000,0.0000
0.000,0.000,0.000
//LCALIB 15
0
0.000,0.000,0.000
0.0000,0.0000,0.0000
0.000,0.000,0.000
//LCALIB 16
0
0.000,0.000,0.000
0.0000,0.0000,0.0000
0.000,0.000,0.000
//LCALIB 17
0
0.000,0.000,0.000
0.0000,0.0000,0.0000
0.000,0.000,0.000
//LCALIB 18
0
0.000,0.000,0.000
0.0000,0.0000,0.0000
0.000,0.000,0.000
//LCALIB 19
0
0.000,0.000,0.000
0.0000,0.0000,0.0000
0.000,0.000,0.000
//LCALIB 20
0
0.000,0.000,0.000
0.0000,0.0000,0.0000
0.000,0.000,0.000
//LCALIB 21
0
0.000,0.000,0.000
0.0000,0.0000,0.0000
0.000,0.000,0.000
//LCALIB 22
0
0.000,0.000,0.000
0.0000,0.0000,0.0000
0.000,0.000,0.000
//LCALIB 23
0
0.000,0.000,0.000
0.0000,0.0000,0.0000
0.000,0.000,0.000
//LCALIB 24
0
0.000,0.000,0.000
0.0000,0.0000,0.0000
0.000,0.000,0.000
//LCALIB 25
0
0.000,0.000,0.000
0.0000,0.0000,0.0000
0.000,0.000,0.000
//LCALIB 26
0
0.000,0.000,0.000
0.0000,0.0000,0.0000
0.000,0.000,0.000
//LCALIB 27
0
0.000,0.000,0.000
0.0000,0.0000,0.0000
0.000,0.000,0.000
//LCALIB 28
0
0.000,0.000,0.000
0.0000,0.0000,0.0000
0.000,0.000,0.000
//LCALIB 29
0
0.000,0.000,0.000
0.0000,0.0000,0.0000
0.000,0.000,0.000
//LCALIB 30
0
0.000,0.000,0.000
0.0000,0.0000,0.0000
0.000,0.000,0.000
//LCALIB 31
0
0.000,0.000,0.000
0.0000,0.0000,0.0000
0.000,0.000,0.000
//LCALIB 32
0
0.000,0.000,0.000
0.0000,0.0000,0.0000
0.000,0.000,0.000
//LCALIB 33
0
0.000,0.000,0.000
0.0000,0.0000,0.0000
0.000,0.000,0.000
//LCALIB 34
0
0.000,0.000,0.000
0.0000,0.0000,0.0000
0.000,0.000,0.000
//LCALIB 35
0
0.000,0.000,0.000
0.0000,0.0000,0.0000
0.000,0.000,0.000
//LCALIB 36
0
0.000,0.000,0.000
0.0000,0.0000,0.0000
0.000,0.000,0.000
//LCALIB 37
0
0.000,0.000,0.000
0.0000,0.0000,0.0000
0.000,0.000,0.000
//LCALIB 38
0
0.000,0.000,0.000
0.0000,0.0000,0.0000
0.000,0.000,0.000
//LCALIB 39
0
0.000,0.000,0.000
0.0000,0.0000,0.0000
0.000,0.000,0.000
//LCALIB 40
0
0.000,0.000,0.000
0.0000,0.0000,0.0000
0.000,0.000,0.000
//LCALIB 41
0
0.000,0.000,0.000
0.0000,0.0000,0.0000
0.000,0.000,0.000
//LCALIB 42
0
0.000,0.000,0.000
0.0000,0.0000,0.0000
0.000,0.000,0.000
//LCALIB 43
0
0.000,0.000,0.000
0.0000,0.0000,0.0000
0.000,0.000,0.000
//LCALIB 44
0
0.000,0.000,0.000
0.0000,0.0000,0.0000
0.000,0.000,0.000
//LCALIB 45
0
0.000,0.000,0.000
0.0000,0.0000,0.0000
0.000,0.000,0.000
//LCALIB 46
0
0.000,0.000,0.000
0.0000,0.0000,0.0000
0.000,0.000,0.000
//LCALIB 47
0
0.000,0.000,0.000
0.0000,0.0000,0.0000
0.000,0.000,0.000
//LCALIB 48
0
0.000,0.000,0.000
0.0000,0.0000,0.0000
0.000,0.000,0.000
//LCALIB 49
0
0.000,0.000,0.000
0.0000,0.0000,0.0000
0.000,0.000,0.000
//LCALIB 50
0
0.000,0.000,0.000
0.0000,0.0000,0.0000
0.000,0.000,0.000
//LCALIB 51
0
0.000,0.000,0.000
0.0000,0.0000,0.0000
0.000,0.000,0.000
//LCALIB 52
0
0.000,0.000,0.000
0.0000,0.0000,0.0000
0.000,0.000,0.000
//LCALIB 53
0
0.000,0.000,0.000
0.0000,0.0000,0.0000
0.000,0.000,0.000
//LCALIB 54
0
0.000,0.000,0.000
0.0000,0.0000,0.0000
0.000,0.000,0.000
//LCALIB 55
0
0.000,0.000,0.000
0.0000,0.0000,0.0000
0.000,0.000,0.000
//LCALIB 56
0
0.000,0.000,0.000
0.0000,0.0000,0.0000
0.000,0.000,0.000
//LCALIB 57
0
0.000,0.000,0.000
0.0000,0.0000,0.0000
0.000,0.000,0.000
//LCALIB 58
0
0.000,0.000,0.000
0.0000,0.0000,0.0000
0.000,0.000,0.000
//LCALIB 59
0
0.000,0.000,0.000
0.0000,0.0000,0.0000
0.000,0.000,0.000
//LCALIB 60
0
0.000,0.000,0.000
0.0000,0.0000,0.0000
0.000,0.000,0.000
//LCALIB 61
0
0.000,0.000,0.000
0.0000,0.0000,0.0000
0.000,0.000,0.000
//LCALIB 62
0
0.000,0.000,0.000
0.0000,0.0000,0.0000
0.000,0.000,0.000
//LCALIB 63
0
0.000,0.000,0.000
0.0000,0.0000,0.0000
0.000,0.000,0.000
