//LTRACK 0
1
0
6.0,0.0
2,0,5,5
0,10
1,0
0
1
0,10
10,10.0,10.0
0,0,0
0.0,0.0,0.0
0,0,0
//LTRACK 1
2
0
0.0,0.0
0,0,10,10
0,10
1,0
0
1
0,10
10,10.0,10.0
0,0,0
0.0,0.0,0.0
0,0,0
//LTRACK 2
3
0
0.0,0.0
0,0,10,10
0,10
1,0
0
1
0,10
10,10.0,10.0
0,0,0
0.0,0.0,0.0
0,0,0
//LTRACK 3
4
0
0.0,0.0
0,0,10,10
0,10
1,0
0
1
0,10
10,10.0,10.0
0,0,0
0.0,0.0,0.0
0,0,0
//LTRACK 4
5
0
0.0,0.0
0,0,10,10
0,10
1,0
0
1
0,10
10,10.0,10.0
0,0,0
0.0,0.0,0.0
0,0,0
//LTRACK 5
6
0
0.0,0.0
0,0,10,10
0,10
1,0
0
1
0,10
10,10.0,10.0
0,0,0
0.0,0.0,0.0
0,0,0
//LTRACK 6
7
0
0.0,0.0
0,0,10,10
0,10
1,0
0
1
0,10
10,10.0,10.0
0,0,0
0.0,0.0,0.0
0,0,0
//LTRACK 7
8
0
0.0,0.0
0,0,10,10
0,10
1,0
0
1
0,10
10,10.0,10.0
0,0,0
0.0,0.0,0.0
0,0,0
//LTRACK 8
9
0
0.0,0.0
0,0,10,10
0,10
1,0
0
1
0,10
10,10.0,10.0
0,0,0
0.0,0.0,0.0
0,0,0
//LTRACK 9
10
0
0.0,0.0
0,0,10,10
0,10
1,0
0
1
0,10
10,10.0,10.0
0,0,0
0.0,0.0,0.0
0,0,0
//LTRACK 10
0
0
0.0,0.0
0,0,10,10
0,10
1,0
0
1
0,10
10,10.0,10.0
0,0,0
0.0,0.0,0.0
0,0,0
//LTRACK 11
0
0
0.0,0.0
0,0,10,10
0,10
1,0
0
1
0,10
10,10.0,10.0
0,0,0
0.0,0.0,0.0
0,0,0
//LTRACK 12
0
0
0.0,0.0
0,0,10,10
0,10
1,0
0
1
0,10
10,10.0,10.0
0,0,0
0.0,0.0,0.0
0,0,0
//LTRACK 13
0
0
0.0,0.0
0,0,10,10
0,10
1,0
0
1
0,10
10,10.0,10.0
0,0,0
0.0,0.0,0.0
0,0,0
//LTRACK 14
0
0
0.0,0.0
0,0,10,10
0,10
1,0
0
1
0,10
10,10.0,10.0
0,0,0
0.0,0.0,0.0
0,0,0
//LTRACK 15
0
0
0.0,0.0
0,0,10,10
0,10
1,0
0
1
0,10
10,10.0,10.0
0,0,0
0.0,0.0,0.0
0,0,0
//LTRACK 16
0
0
0.0,0.0
0,0,10,10
0,10
1,0
0
1
0,10
10,10.0,10.0
0,0,0
0.0,0.0,0.0
0,0,0
//LTRACK 17
0
0
0.0,0.0
0,0,10,10
0,10
1,0
0
1
0,10
10,10.0,10.0
0,0,0
0.0,0.0,0.0
0,0,0
//LTRACK 18
0
0
0.0,0.0
0,0,10,10
0,10
1,0
0
1
0,10
10,10.0,10.0
0,0,0
0.0,0.0,0.0
0,0,0
//LTRACK 19
0
0
0.0,0.0
0,0,10,10
0,10
1,0
0
1
0,10
10,10.0,10.0
0,0,0
0.0,0.0,0.0
0,0,0
//LTRACK 20
0
0
0.0,0.0
0,0,10,10
0,10
1,0
0
1
0,10
10,10.0,10.0
0,0,0
0.0,0.0,0.0
0,0,0
//LTRACK 21
0
0
0.0,0.0
0,0,10,10
0,10
1,0
0
1
0,10
10,10.0,10.0
0,0,0
0.0,0.0,0.0
0,0,0
//LTRACK 22
0
0
0.0,0.0
0,0,10,10
0,10
1,0
0
1
0,10
10,10.0,10.0
0,0,0
0.0,0.0,0.0
0,0,0
//LTRACK 23
0
0
0.0,0.0
0,0,10,10
0,10
1,0
0
1
0,10
10,10.0,10.0
0,0,0
0.0,0.0,0.0
0,0,0
//LTRACK 24
0
0
0.0,0.0
0,0,10,10
0,10
1,0
0
1
0,10
10,10.0,10.0
0,0,0
0.0,0.0,0.0
0,0,0
//LTRACK 25
0
0
0.0,0.0
0,0,10,10
0,10
1,0
0
1
0,10
10,10.0,10.0
0,0,0
0.0,0.0,0.0
0,0,0
//LTRACK 26
0
0
0.0,0.0
0,0,10,10
0,10
1,0
0
1
0,10
10,10.0,10.0
0,0,0
0.0,0.0,0.0
0,0,0
//LTRACK 27
0
0
0.0,0.0
0,0,10,10
0,10
1,0
0
1
0,10
10,10.0,10.0
0,0,0
0.0,0.0,0.0
0,0,0
//LTRACK 28
0
0
0.0,0.0
0,0,10,10
0,10
1,0
0
1
0,10
10,10.0,10.0
0,0,0
0.0,0.0,0.0
0,0,0
//LTRACK 29
0
0
0.0,0.0
0,0,10,10
0,10
1,0
0
1
0,10
10,10.0,10.0
0,0,0
0.0,0.0,0.0
0,0,0
//LTRACK 30
0
0
0.0,0.0
0,0,10,10
0,10
1,0
0
1
0,10
10,10.0,10.0
0,0,0
0.0,0.0,0.0
0,0,0
//LTRACK 31
0
0
0.0,0.0
0,0,10,10
0,10
1,0
0
1
0,10
10,10.0,10.0
0,0,0
0.0,0.0,0.0
0,0,0
//LTRACK 32
0
0
0.0,0.0
0,0,10,10
0,10
1,0
0
1
0,10
10,10.0,10.0
0,0,0
0.0,0.0,0.0
0,0,0
//LTRACK 33
0
0
0.0,0.0
0,0,10,10
0,10
1,0
0
1
0,10
10,10.0,10.0
0,0,0
0.0,0.0,0.0
0,0,0
//LTRACK 34
0
0
0.0,0.0
0,0,10,10
0,10
1,0
0
1
0,10
10,10.0,10.0
0,0,0
0.0,0.0,0.0
0,0,0
//LTRACK 35
0
0
0.0,0.0
0,0,10,10
0,10
1,0
0
1
0,10
10,10.0,10.0
0,0,0
0.0,0.0,0.0
0,0,0
//LTRACK 36
0
0
0.0,0.0
0,0,10,10
0,10
1,0
0
1
0,10
10,10.0,10.0
0,0,0
0.0,0.0,0.0
0,0,0
//LTRACK 37
0
0
0.0,0.0
0,0,10,10
0,10
1,0
0
1
0,10
10,10.0,10.0
0,0,0
0.0,0.0,0.0
0,0,0
//LTRACK 38
0
0
0.0,0.0
0,0,10,10
0,10
1,0
0
1
0,10
10,10.0,10.0
0,0,0
0.0,0.0,0.0
0,0,0
//LTRACK 39
40
0
0.0,0.0
0,0,10,10
0,10
1,0
0
1
0,10
10,10.0,10.0
0,0,0
0.0,0.0,0.0
0,0,0
