//RBCALIB 1
///MTOOL 0
///MGROUP 1,1,0,0,0,0,0,0,0,0,0,0,0,0,0,0,0,0,0,0,0,0,0,0,0,0,0,0,0,0,0,0
///MPULSE
////MRBC1 C0000=-57269,-25967,-12862,-21857,75658,-46026
////MBSC1 B0000=85971,867730,415936
////MRBC2 C0001=-47233,-9602,-823,-22484,79292,-42996
////MBSC2 B0001=85971,867730,415936
////MRBC3 C0002=-43982,9678,15240,-22633,80187,-41983
////MBSC3 B0002=85971,867730,415936
////MRBC4 C0003=-48884,33060,56682,-50765,58324,-33995
////MBSC4 B0003=85971,867730,415936
////MRBC5 C0004=-58983,66603,92489,-55940,49526,-33393
////MBSC5 B0004=85971,867730,415936
///STOOL 0
///SGROUP 0,0,1,0,0,0,0,0,0,0,0,0,0,0,0,0,0,0,0,0,0,0,0,0,0,0,0,0,0,0,0,0
///SPULSE
////SSTC1 E0000=0,0
////SSTC2 E0001=0,172238
////SSTC3 E0002=0,305402
////SSTC4 E0003=188141,305402
////SSTC5 E0004=322015,305402
////SRANG 1373.218,6900.146,14.154,179.6082,-0.1132,89.6436
