//RBRNGLMT 1
///CRC 3514150460
///COMMENT R2-Area 1 OUTSIDE STATION 1
16108,65603
6,2,1,1,0,0
1,1,1,4
-1650,-3926
4078,2685
0,0
0,0
0,0
0,0
0,0
0,0
0,0
0,0
0,0
0,0
0,0
0,0
0,0
0,0
0,0
0,0
0,0
0,0
0,0
0,0
161
//RBRNGLMT 2
///CRC 3514150460
///COMMENT R2-Area 2 OUTSIDE STATION 2
17012,35699
6,1,1,1,0,0
1,1,1,4
-1650,3208
4078,9706
0,0
0,0
0,0
0,0
0,0
0,0
0,0
0,0
0,0
0,0
0,0
0,0
0,0
0,0
0,0
0,0
0,0
0,0
0,0
0,0
162
//RBRNGLMT 3
///CRC 3514150460
///COMMENT R2-Area 3 MAIN
16108,65572
9,2,1,0,0,0
0,1,1,4
-1650,-3926
4078,9706
0,0
0,0
0,0
0,0
0,0
0,0
0,0
0,0
0,0
0,0
0,0
0,0
0,0
0,0
0,0
0,0
0,0
0,0
0,0
0,0
0
//RBRNGLMT 4
///CRC 3514150460
///COMMENT R2-AREA 3 Center
16109,38878
6,2,1,0,0,0
1,1,1,4
-1650,2683
4078,3210
0,0
0,0
0,0
0,0
0,0
0,0
0,0
0,0
0,0
0,0
0,0
0,0
0,0
0,0
500,-2500
0,0
0,0
0,0
0,0
0,0
0
//RBRNGLMT 5
///CRC 3514150460
///COMMENT
16091,64186
0,0,0,0,0,0
0,0,0,4
0,0
0,0
0,0
0,0
0,0
0,0
0,0
0,0
0,0
0,0
0,0
0,0
0,0
0,0
0,0
0,0
0,0
0,0
0,0
0,0
0,0
0,0
0
//RBRNGLMT 6
///CRC 3514150460
///COMMENT
16091,64186
0,0,0,0,0,0
0,0,0,4
0,0
0,0
0,0
0,0
0,0
0,0
0,0
0,0
0,0
0,0
0,0
0,0
0,0
0,0
0,0
0,0
0,0
0,0
0,0
0,0
0,0
0,0
0
//RBRNGLMT 7
///CRC 3514150460
///COMMENT
16091,64186
0,0,0,0,0,0
0,0,0,4
0,0
0,0
0,0
0,0
0,0
0,0
0,0
0,0
0,0
0,0
0,0
0,0
0,0
0,0
0,0
0,0
0,0
0,0
0,0
0,0
0,0
0,0
0
//RBRNGLMT 8
///CRC 3514150460
///COMMENT
16091,64186
0,0,0,0,0,0
0,0,0,4
0,0
0,0
0,0
0,0
0,0
0,0
0,0
0,0
0,0
0,0
0,0
0,0
0,0
0,0
0,0
0,0
0,0
0,0
0,0
0,0
0,0
0,0
0
//RBRNGLMT 9
///CRC 3514150460
///COMMENT
16091,64186
0,0,0,0,0,0
0,0,0,4
0,0
0,0
0,0
0,0
0,0
0,0
0,0
0,0
0,0
0,0
0,0
0,0
0,0
0,0
0,0
0,0
0,0
0,0
0,0
0,0
0,0
0,0
0
//RBRNGLMT 10
///CRC 3514150460
///COMMENT
16091,64186
0,0,0,0,0,0
0,0,0,4
0,0
0,0
0,0
0,0
0,0
0,0
0,0
0,0
0,0
0,0
0,0
0,0
0,0
0,0
0,0
0,0
0,0
0,0
0,0
0,0
0,0
0,0
0
//RBRNGLMT 11
///CRC 3514150460
///COMMENT
16091,64186
0,0,0,0,0,0
0,0,0,4
0,0
0,0
0,0
0,0
0,0
0,0
0,0
0,0
0,0
0,0
0,0
0,0
0,0
0,0
0,0
0,0
0,0
0,0
0,0
0,0
0,0
0,0
0
//RBRNGLMT 12
///CRC 3514150460
///COMMENT
16091,64186
0,0,0,0,0,0
0,0,0,4
0,0
0,0
0,0
0,0
0,0
0,0
0,0
0,0
0,0
0,0
0,0
0,0
0,0
0,0
0,0
0,0
0,0
0,0
0,0
0,0
0,0
0,0
0
//RBRNGLMT 13
///CRC 3514150460
///COMMENT
16091,64186
0,0,0,0,0,0
0,0,0,4
0,0
0,0
0,0
0,0
0,0
0,0
0,0
0,0
0,0
0,0
0,0
0,0
0,0
0,0
0,0
0,0
0,0
0,0
0,0
0,0
0,0
0,0
0
//RBRNGLMT 14
///CRC 3514150460
///COMMENT
16091,64186
0,0,0,0,0,0
0,0,0,4
0,0
0,0
0,0
0,0
0,0
0,0
0,0
0,0
0,0
0,0
0,0
0,0
0,0
0,0
0,0
0,0
0,0
0,0
0,0
0,0
0,0
0,0
0
//RBRNGLMT 15
///CRC 3514150460
///COMMENT
16091,64186
0,0,0,0,0,0
0,0,0,4
0,0
0,0
0,0
0,0
0,0
0,0
0,0
0,0
0,0
0,0
0,0
0,0
0,0
0,0
0,0
0,0
0,0
0,0
0,0
0,0
0,0
0,0
0
//RBRNGLMT 16
///CRC 3514150460
///COMMENT
16091,64186
0,0,0,0,0,0
0,0,0,4
0,0
0,0
0,0
0,0
0,0
0,0
0,0
0,0
0,0
0,0
0,0
0,0
0,0
0,0
0,0
0,0
0,0
0,0
0,0
0,0
0,0
0,0
0
//RBRNGLMT 17
///CRC 3514150460
///COMMENT
16091,64186
0,0,0,0,0,0
0,0,0,4
0,0
0,0
0,0
0,0
0,0
0,0
0,0
0,0
0,0
0,0
0,0
0,0
0,0
0,0
0,0
0,0
0,0
0,0
0,0
0,0
0,0
0,0
0
//RBRNGLMT 18
///CRC 3514150460
///COMMENT
16091,64186
0,0,0,0,0,0
0,0,0,4
0,0
0,0
0,0
0,0
0,0
0,0
0,0
0,0
0,0
0,0
0,0
0,0
0,0
0,0
0,0
0,0
0,0
0,0
0,0
0,0
0,0
0,0
0
//RBRNGLMT 19
///CRC 3514150460
///COMMENT
16091,64186
0,0,0,0,0,0
0,0,0,4
0,0
0,0
0,0
0,0
0,0
0,0
0,0
0,0
0,0
0,0
0,0
0,0
0,0
0,0
0,0
0,0
0,0
0,0
0,0
0,0
0,0
0,0
0
//RBRNGLMT 20
///CRC 3514150460
///COMMENT
16091,64186
0,0,0,0,0,0
0,0,0,4
0,0
0,0
0,0
0,0
0,0
0,0
0,0
0,0
0,0
0,0
0,0
0,0
0,0
0,0
0,0
0,0
0,0
0,0
0,0
0,0
0,0
0,0
0
//RBRNGLMT 21
///CRC 3514150460
///COMMENT
16091,64186
0,0,0,0,0,0
0,0,0,4
0,0
0,0
0,0
0,0
0,0
0,0
0,0
0,0
0,0
0,0
0,0
0,0
0,0
0,0
0,0
0,0
0,0
0,0
0,0
0,0
0,0
0,0
0
//RBRNGLMT 22
///CRC 3514150460
///COMMENT
16091,64186
0,0,0,0,0,0
0,0,0,4
0,0
0,0
0,0
0,0
0,0
0,0
0,0
0,0
0,0
0,0
0,0
0,0
0,0
0,0
0,0
0,0
0,0
0,0
0,0
0,0
0,0
0,0
0
//RBRNGLMT 23
///CRC 3514150460
///COMMENT
16091,64186
0,0,0,0,0,0
0,0,0,4
0,0
0,0
0,0
0,0
0,0
0,0
0,0
0,0
0,0
0,0
0,0
0,0
0,0
0,0
0,0
0,0
0,0
0,0
0,0
0,0
0,0
0,0
0
//RBRNGLMT 24
///CRC 3514150460
///COMMENT
16091,64186
0,0,0,0,0,0
0,0,0,4
0,0
0,0
0,0
0,0
0,0
0,0
0,0
0,0
0,0
0,0
0,0
0,0
0,0
0,0
0,0
0,0
0,0
0,0
0,0
0,0
0,0
0,0
0
//RBRNGLMT 25
///CRC 3514150460
///COMMENT
16091,64186
0,0,0,0,0,0
0,0,0,4
0,0
0,0
0,0
0,0
0,0
0,0
0,0
0,0
0,0
0,0
0,0
0,0
0,0
0,0
0,0
0,0
0,0
0,0
0,0
0,0
0,0
0,0
0
//RBRNGLMT 26
///CRC 3514150460
///COMMENT
16091,64186
0,0,0,0,0,0
0,0,0,4
0,0
0,0
0,0
0,0
0,0
0,0
0,0
0,0
0,0
0,0
0,0
0,0
0,0
0,0
0,0
0,0
0,0
0,0
0,0
0,0
0,0
0,0
0
//RBRNGLMT 27
///CRC 3514150460
///COMMENT
16091,64186
0,0,0,0,0,0
0,0,0,4
0,0
0,0
0,0
0,0
0,0
0,0
0,0
0,0
0,0
0,0
0,0
0,0
0,0
0,0
0,0
0,0
0,0
0,0
0,0
0,0
0,0
0,0
0
//RBRNGLMT 28
///CRC 3514150460
///COMMENT
16091,64186
0,0,0,0,0,0
0,0,0,4
0,0
0,0
0,0
0,0
0,0
0,0
0,0
0,0
0,0
0,0
0,0
0,0
0,0
0,0
0,0
0,0
0,0
0,0
0,0
0,0
0,0
0,0
0
//RBRNGLMT 29
///CRC 3514150460
///COMMENT
16091,64186
0,0,0,0,0,0
0,0,0,4
0,0
0,0
0,0
0,0
0,0
0,0
0,0
0,0
0,0
0,0
0,0
0,0
0,0
0,0
0,0
0,0
0,0
0,0
0,0
0,0
0,0
0,0
0
//RBRNGLMT 30
///CRC 3514150460
///COMMENT
16091,64186
0,0,0,0,0,0
0,0,0,4
0,0
0,0
0,0
0,0
0,0
0,0
0,0
0,0
0,0
0,0
0,0
0,0
0,0
0,0
0,0
0,0
0,0
0,0
0,0
0,0
0,0
0,0
0
//RBRNGLMT 31
///CRC 3514150460
///COMMENT
16091,64186
0,0,0,0,0,0
0,0,0,4
0,0
0,0
0,0
0,0
0,0
0,0
0,0
0,0
0,0
0,0
0,0
0,0
0,0
0,0
0,0
0,0
0,0
0,0
0,0
0,0
0,0
0,0
0
//RBRNGLMT 32
///CRC 3514150460
///COMMENT
16091,64186
0,0,0,0,0,0
0,0,0,4
0,0
0,0
0,0
0,0
0,0
0,0
0,0
0,0
0,0
0,0
0,0
0,0
0,0
0,0
0,0
0,0
0,0
0,0
0,0
0,0
0,0
0,0
0
