//SPDLMT 1
///CRC 1605362016
///COMMENT
17012,36043
2,0,0,16
0.0,0.5,0.00
0.000,0.000,0.000,0.000,0.000,0.000
201,1
0,0
0,0
0,0
0,0
0
0
//SPDLMT 2
///CRC 1605362016
///COMMENT
16091,64186
0,0,0,0
0.0,0.0,0.00
0.000,0.000,0.000,0.000,0.000,0.000
0,0
0,0
0,0
0,0
0,0
0
0
//SPDLMT 3
///CRC 1605362016
///COMMENT
16091,64186
0,0,0,0
0.0,0.0,0.00
0.000,0.000,0.000,0.000,0.000,0.000
0,0
0,0
0,0
0,0
0,0
0
0
//SPDLMT 4
///CRC 1605362016
///COMMENT
16091,64186
0,0,0,0
0.0,0.0,0.00
0.000,0.000,0.000,0.000,0.000,0.000
0,0
0,0
0,0
0,0
0,0
0
0
//SPDLMT 5
///CRC 1605362016
///COMMENT
16091,64186
0,0,0,0
0.0,0.0,0.00
0.000,0.000,0.000,0.000,0.000,0.000
0,0
0,0
0,0
0,0
0,0
0
0
//SPDLMT 6
///CRC 1605362016
///COMMENT
16091,64186
0,0,0,0
0.0,0.0,0.00
0.000,0.000,0.000,0.000,0.000,0.000
0,0
0,0
0,0
0,0
0,0
0
0
//SPDLMT 7
///CRC 1605362016
///COMMENT
16091,64186
0,0,0,0
0.0,0.0,0.00
0.000,0.000,0.000,0.000,0.000,0.000
0,0
0,0
0,0
0,0
0,0
0
0
//SPDLMT 8
///CRC 1605362016
///COMMENT
16091,64186
0,0,0,0
0.0,0.0,0.00
0.000,0.000,0.000,0.000,0.000,0.000
0,0
0,0
0,0
0,0
0,0
0
0
//SPDLMT 9
///CRC 1605362016
///COMMENT
16091,64186
0,0,0,0
0.0,0.0,0.00
0.000,0.000,0.000,0.000,0.000,0.000
0,0
0,0
0,0
0,0
0,0
0
0
//SPDLMT 10
///CRC 1605362016
///COMMENT
16091,64186
0,0,0,0
0.0,0.0,0.00
0.000,0.000,0.000,0.000,0.000,0.000
0,0
0,0
0,0
0,0
0,0
0
0
//SPDLMT 11
///CRC 1605362016
///COMMENT
16091,64186
0,0,0,0
0.0,0.0,0.00
0.000,0.000,0.000,0.000,0.000,0.000
0,0
0,0
0,0
0,0
0,0
0
0
//SPDLMT 12
///CRC 1605362016
///COMMENT
16091,64186
0,0,0,0
0.0,0.0,0.00
0.000,0.000,0.000,0.000,0.000,0.000
0,0
0,0
0,0
0,0
0,0
0
0
//SPDLMT 13
///CRC 1605362016
///COMMENT
16091,64186
0,0,0,0
0.0,0.0,0.00
0.000,0.000,0.000,0.000,0.000,0.000
0,0
0,0
0,0
0,0
0,0
0
0
//SPDLMT 14
///CRC 1605362016
///COMMENT
16091,64186
0,0,0,0
0.0,0.0,0.00
0.000,0.000,0.000,0.000,0.000,0.000
0,0
0,0
0,0
0,0
0,0
0
0
//SPDLMT 15
///CRC 1605362016
///COMMENT
16091,64186
0,0,0,0
0.0,0.0,0.00
0.000,0.000,0.000,0.000,0.000,0.000
0,0
0,0
0,0
0,0
0,0
0
0
//SPDLMT 16
///CRC 1605362016
///COMMENT
16091,64186
0,0,0,0
0.0,0.0,0.00
0.000,0.000,0.000,0.000,0.000,0.000
0,0
0,0
0,0
0,0
0,0
0
0
//SPDLMT 17
///CRC 1605362016
///COMMENT
16091,64186
0,0,0,0
0.0,0.0,0.00
0.000,0.000,0.000,0.000,0.000,0.000
0,0
0,0
0,0
0,0
0,0
0
0
//SPDLMT 18
///CRC 1605362016
///COMMENT
16091,64186
0,0,0,0
0.0,0.0,0.00
0.000,0.000,0.000,0.000,0.000,0.000
0,0
0,0
0,0
0,0
0,0
0
0
//SPDLMT 19
///CRC 1605362016
///COMMENT
16091,64186
0,0,0,0
0.0,0.0,0.00
0.000,0.000,0.000,0.000,0.000,0.000
0,0
0,0
0,0
0,0
0,0
0
0
//SPDLMT 20
///CRC 1605362016
///COMMENT
16091,64186
0,0,0,0
0.0,0.0,0.00
0.000,0.000,0.000,0.000,0.000,0.000
0,0
0,0
0,0
0,0
0,0
0
0
//SPDLMT 21
///CRC 1605362016
///COMMENT
16091,64186
0,0,0,0
0.0,0.0,0.00
0.000,0.000,0.000,0.000,0.000,0.000
0,0
0,0
0,0
0,0
0,0
0
0
//SPDLMT 22
///CRC 1605362016
///COMMENT
16091,64186
0,0,0,0
0.0,0.0,0.00
0.000,0.000,0.000,0.000,0.000,0.000
0,0
0,0
0,0
0,0
0,0
0
0
//SPDLMT 23
///CRC 1605362016
///COMMENT
16091,64186
0,0,0,0
0.0,0.0,0.00
0.000,0.000,0.000,0.000,0.000,0.000
0,0
0,0
0,0
0,0
0,0
0
0
//SPDLMT 24
///CRC 1605362016
///COMMENT
16091,64186
0,0,0,0
0.0,0.0,0.00
0.000,0.000,0.000,0.000,0.000,0.000
0,0
0,0
0,0
0,0
0,0
0
0
//SPDLMT 25
///CRC 1605362016
///COMMENT
16091,64186
0,0,0,0
0.0,0.0,0.00
0.000,0.000,0.000,0.000,0.000,0.000
0,0
0,0
0,0
0,0
0,0
0
0
//SPDLMT 26
///CRC 1605362016
///COMMENT
16091,64186
0,0,0,0
0.0,0.0,0.00
0.000,0.000,0.000,0.000,0.000,0.000
0,0
0,0
0,0
0,0
0,0
0
0
//SPDLMT 27
///CRC 1605362016
///COMMENT
16091,64186
0,0,0,0
0.0,0.0,0.00
0.000,0.000,0.000,0.000,0.000,0.000
0,0
0,0
0,0
0,0
0,0
0
0
//SPDLMT 28
///CRC 1605362016
///COMMENT
16091,64186
0,0,0,0
0.0,0.0,0.00
0.000,0.000,0.000,0.000,0.000,0.000
0,0
0,0
0,0
0,0
0,0
0
0
//SPDLMT 29
///CRC 1605362016
///COMMENT
16091,64186
0,0,0,0
0.0,0.0,0.00
0.000,0.000,0.000,0.000,0.000,0.000
0,0
0,0
0,0
0,0
0,0
0
0
//SPDLMT 30
///CRC 1605362016
///COMMENT
16091,64186
0,0,0,0
0.0,0.0,0.00
0.000,0.000,0.000,0.000,0.000,0.000
0,0
0,0
0,0
0,0
0,0
0
0
//SPDLMT 31
///CRC 1605362016
///COMMENT
16091,64186
0,0,0,0
0.0,0.0,0.00
0.000,0.000,0.000,0.000,0.000,0.000
0,0
0,0
0,0
0,0
0,0
0
0
//SPDLMT 32
///CRC 1605362016
///COMMENT
16091,64186
0,0,0,0
0.0,0.0,0.00
0.000,0.000,0.000,0.000,0.000,0.000
0,0
0,0
0,0
0,0
0,0
0
0
//SPDLMT 33
///CRC 1605362016
///COMMENT
16091,64186
0,0,0,0
250.0,0.0,0.00
0.000,0.000,0.000,0.000,0.000,0.000
0,0
0,0
0,0
0,0
0,0
0
0
