//STEPDIAG 1
2025/06/09
///DUTY-RATIO
OK_R2_O50&56(110_90,0)AWOK,7,3,1,2,112.6
OK_R2_O50&56(110_90,0)AWOK,101,56,0,1,102.7
OK_R2_O50&56(110_90,0)AWOK,102,57,1,2,105.4
MASTER_X4,114,55,1,2,101.1
KRIS3(-160_-90)54,157,81,1,1,103.8
KRIS4(-224_-90),154,82,0,2,110.2
KRIS4(-224_-90),334,162,1,1,104.9
KRIS5(-224_-90),261,129,1,1,104.9
OK_R2_O54(90,90)AWOK,46,29,1,1,100.0
MASTER_X4,135,61,1,2,100.7
OK_R2_O57-69(2)(90,0)_OK,21,10,1,2,108.8
OK_R2_O57-69(2)(90,0)_OK,971,508,1,1,100.3
OK_R2_O29-32(90,0_180)OKKR,517,268,0,2,105.8
OK_R2_O29-32(90,0_180)OKKR,518,269,0,2,107.6
OK_R2_O29-32(90,0_180)OKKR,793,403,1,1,122.5
OK_R2_O29-32(90,0_180)OKKR,816,415,0,2,114.5
OK_R2_O57-69(1)(90,0)_OK,25,11,1,2,102.9
OK_R2_O57-69(1)(90,0)_OK,142,77,1,2,103.2
OK_R2_O48(150,-90)AWOK,41,24,0,2,109.2
OK_R2_O48(150,-90)AWOK,42,25,0,2,100.7
OK_R2_O25(90,90)OKKR,175,90,1,2,104.0
OK_R2_O25(90,90)OKKR,189,97,1,1,123.8
OK_R2_O55B(90,0)KMOK,233,118,1,2,101.9
KRIS_OTHER_WELDS,41,24,0,0,102.7
KRIS_OTHER_WELDS,625,324,0,2,103.0
KRIS_OTHER_WELDS,659,342,0,1,102.0
N_R2_D50&56B(110_90,180),88,50,1,0,105.5
N_R2_D50&56B(110_90,180),244,127,1,0,111.0
N_R2_D50&56B(110_90,180),251,129,1,1,103.0
MASTER_X4,5,1,1,2,111.0
,0,0,0,0,0.0
,0,0,0,0,0.0
,0,0,0,0,0.0
,0,0,0,0,0.0
,0,0,0,0,0.0
,0,0,0,0,0.0
,0,0,0,0,0.0
,0,0,0,0,0.0
,0,0,0,0,0.0
,0,0,0,0,0.0
,0,0,0,0,0.0
,0,0,0,0,0.0
,0,0,0,0,0.0
,0,0,0,0,0.0
,0,0,0,0,0.0
,0,0,0,0,0.0
,0,0,0,0,0.0
,0,0,0,0,0.0
,0,0,0,0,0.0
,0,0,0,0,0.0
///OVERHAUL
,0,0,0,0,0
,0,0,0,0,0
,0,0,0,0,0
,0,0,0,0,0
,0,0,0,0,0
,0,0,0,0,0
,0,0,0,0,0
,0,0,0,0,0
,0,0,0,0,0
,0,0,0,0,0
,0,0,0,0,0
,0,0,0,0,0
,0,0,0,0,0
,0,0,0,0,0
,0,0,0,0,0
,0,0,0,0,0
,0,0,0,0,0
,0,0,0,0,0
,0,0,0,0,0
,0,0,0,0,0
,0,0,0,0,0
,0,0,0,0,0
,0,0,0,0,0
,0,0,0,0,0
,0,0,0,0,0
,0,0,0,0,0
,0,0,0,0,0
,0,0,0,0,0
,0,0,0,0,0
,0,0,0,0,0
,0,0,0,0,0
,0,0,0,0,0
,0,0,0,0,0
,0,0,0,0,0
,0,0,0,0,0
,0,0,0,0,0
,0,0,0,0,0
,0,0,0,0,0
,0,0,0,0,0
,0,0,0,0,0
,0,0,0,0,0
,0,0,0,0,0
,0,0,0,0,0
,0,0,0,0,0
,0,0,0,0,0
,0,0,0,0,0
,0,0,0,0,0
,0,0,0,0,0
,0,0,0,0,0
,0,0,0,0,0
///ENCNOISE-LV
,0,0,0,0,0
,0,0,0,0,0
,0,0,0,0,0
,0,0,0,0,0
,0,0,0,0,0
,0,0,0,0,0
,0,0,0,0,0
,0,0,0,0,0
,0,0,0,0,0
,0,0,0,0,0
,0,0,0,0,0
,0,0,0,0,0
,0,0,0,0,0
,0,0,0,0,0
,0,0,0,0,0
,0,0,0,0,0
,0,0,0,0,0
,0,0,0,0,0
,0,0,0,0,0
,0,0,0,0,0
,0,0,0,0,0
,0,0,0,0,0
,0,0,0,0,0
,0,0,0,0,0
,0,0,0,0,0
,0,0,0,0,0
,0,0,0,0,0
,0,0,0,0,0
,0,0,0,0,0
,0,0,0,0,0
,0,0,0,0,0
,0,0,0,0,0
,0,0,0,0,0
,0,0,0,0,0
,0,0,0,0,0
,0,0,0,0,0
,0,0,0,0,0
,0,0,0,0,0
,0,0,0,0,0
,0,0,0,0,0
,0,0,0,0,0
,0,0,0,0,0
,0,0,0,0,0
,0,0,0,0,0
,0,0,0,0,0
,0,0,0,0,0
,0,0,0,0,0
,0,0,0,0,0
,0,0,0,0,0
,0,0,0,0,0
//STEPDIAG 2
2025/06/07
///DUTY-RATIO
X2_8A-21A(90,0)_REV_O,1596,750,1,1,104.9
X2_8A-21A(90,0)_REV_O,1723,804,1,1,112.1
X2_8A-21A(90,0)_REV_O,3559,1656,1,0,106.8
X2_8A-21A(90,0)_REV_O,3937,1839,1,2,107.7
X2_8A-21A(90,0)_REV_O,4049,1888,1,2,104.1
X2_8A-21A(90,0)_REV_O,4123,1922,1,2,100.4
X2_8B-21B(90,180)_REV_O,586,286,1,1,100.3
X2_8B-21B(90,180)_REV_O,591,289,1,0,109.9
X2_8B-21B(90,180)_REV_O,1919,875,1,1,111.6
X2_8B-21B(90,180)_REV_O,1920,876,1,1,116.0
X2_8B-21B(90,180)_REV_O,1943,887,1,0,103.7
X2_8B-21B(90,180)_REV_O,1985,909,1,2,111.8
X2_8B-21B(90,180)_REV_O,2197,1014,1,2,101.7
X2_8B-21B(90,180)_REV_O,2250,1035,1,1,100.2
X2_8B-21B(90,180)_REV_O,2438,1117,1,2,102.1
X2_22-23(-90,180),72,37,1,0,104.3
X2_22-23(-90,180),123,61,0,2,101.6
X2_24A(90,180),7,4,1,2,104.5
X2_24A(90,180),174,85,1,2,103.6
CLEAN-R1_KM_NEW,7,1,0,2,114.8
X2_27-28(-50,-90),3,1,1,2,100.9
X2_27-28(-50,-90),296,145,0,2,101.7
X2_27-28(-50,-90),507,245,1,1,104.9
X2_34(P)(-165,-90),87,48,1,1,110.6
X2_34(P)(-165,-90),104,58,0,2,101.7
X2_34(P)(-165,-90),351,174,1,1,100.9
X2_38-47,64(1)(90,180),574,279,1,2,104.1
X2_38-47,64(1)(90,180),812,400,1,1,118.7
X2_38-47,64(1)(90,180),815,401,1,1,111.4
X2_38-47,64(1)(90,180),1154,559,1,0,103.8
X2_38-47,64(1)(90,180),1176,570,1,2,111.2
X2_38-47,64(2)(90,0),879,429,1,1,101.3
X2_38-47,64(2)(90,0),1363,667,1,2,104.6
X2_38-47,64(2)(90,0),1521,733,1,1,103.0
X2_50&56A(90,0),82,42,1,1,107.0
X2_50&56A(90,0),83,43,1,0,116.9
X2_50&56A(90,0),430,213,1,0,104.7
X2_50&56A(90,0),653,308,1,2,105.6
X2_50&56A(90,0),736,346,1,0,105.1
X2_50&56A(90,0),748,351,1,2,103.0
X2_50&56B(90_180),574,278,0,4,100.3
X2_50&56B(90_180),577,279,0,4,140.3
X2_50&56B(90_180),719,332,1,2,108.3
X2_51(P)(-165,-90),191,99,1,1,111.1
X2_51(P)(-165,-90),199,106,1,2,116.2
X2_51(P)(-165,-90),277,145,1,2,133.4
X2_51(P)(-165,-90),278,146,1,1,105.7
X2_51(P)(-165,-90),494,242,1,1,116.6
X2_100(P)(125,-90),348,162,1,2,101.3
X2_100(P)(125,-90),630,293,0,0,101.7
///OVERHAUL
,0,0,0,0,0
,0,0,0,0,0
,0,0,0,0,0
,0,0,0,0,0
,0,0,0,0,0
,0,0,0,0,0
,0,0,0,0,0
,0,0,0,0,0
,0,0,0,0,0
,0,0,0,0,0
,0,0,0,0,0
,0,0,0,0,0
,0,0,0,0,0
,0,0,0,0,0
,0,0,0,0,0
,0,0,0,0,0
,0,0,0,0,0
,0,0,0,0,0
,0,0,0,0,0
,0,0,0,0,0
,0,0,0,0,0
,0,0,0,0,0
,0,0,0,0,0
,0,0,0,0,0
,0,0,0,0,0
,0,0,0,0,0
,0,0,0,0,0
,0,0,0,0,0
,0,0,0,0,0
,0,0,0,0,0
,0,0,0,0,0
,0,0,0,0,0
,0,0,0,0,0
,0,0,0,0,0
,0,0,0,0,0
,0,0,0,0,0
,0,0,0,0,0
,0,0,0,0,0
,0,0,0,0,0
,0,0,0,0,0
,0,0,0,0,0
,0,0,0,0,0
,0,0,0,0,0
,0,0,0,0,0
,0,0,0,0,0
,0,0,0,0,0
,0,0,0,0,0
,0,0,0,0,0
,0,0,0,0,0
,0,0,0,0,0
///ENCNOISE-LV
,0,0,0,0,0
,0,0,0,0,0
,0,0,0,0,0
,0,0,0,0,0
,0,0,0,0,0
,0,0,0,0,0
,0,0,0,0,0
,0,0,0,0,0
,0,0,0,0,0
,0,0,0,0,0
,0,0,0,0,0
,0,0,0,0,0
,0,0,0,0,0
,0,0,0,0,0
,0,0,0,0,0
,0,0,0,0,0
,0,0,0,0,0
,0,0,0,0,0
,0,0,0,0,0
,0,0,0,0,0
,0,0,0,0,0
,0,0,0,0,0
,0,0,0,0,0
,0,0,0,0,0
,0,0,0,0,0
,0,0,0,0,0
,0,0,0,0,0
,0,0,0,0,0
,0,0,0,0,0
,0,0,0,0,0
,0,0,0,0,0
,0,0,0,0,0
,0,0,0,0,0
,0,0,0,0,0
,0,0,0,0,0
,0,0,0,0,0
,0,0,0,0,0
,0,0,0,0,0
,0,0,0,0,0
,0,0,0,0,0
,0,0,0,0,0
,0,0,0,0,0
,0,0,0,0,0
,0,0,0,0,0
,0,0,0,0,0
,0,0,0,0,0
,0,0,0,0,0
,0,0,0,0,0
,0,0,0,0,0
,0,0,0,0,0
//STEPDIAG 3
2025/06/06
///DUTY-RATIO
OK_R2_O38-47,64(2)(90,0)_MPOK,557,285,1,1,122.7
OK_R2_O38-47,64(2)(90,0)_MPOK,582,299,1,1,108.0
OK_R2_O38-47,64(2)(90,0)_MPOK,622,318,1,1,102.3
OK_R2_O38-47,64(2)(90,0)_MPOK,663,339,1,1,109.5
OK_R2_O50&56(110_90,0)AWOK,7,3,1,2,113.6
OK_R2_O50&56(110_90,0)AWOK,101,56,0,1,103.1
OK_R2_O50&56(110_90,0)AWOK,102,57,1,1,101.1
OK_R2_O50&56(110_90,0)AWOK,102,57,1,2,106.9
OK_R2_O50&56(110_90,0)AWOK,548,282,1,1,100.2
MASTER_X4,114,55,1,2,100.7
KRIS4(-224_-90),154,82,0,2,109.2
KRIS4(-224_-90),334,162,1,1,107.0
KRIS5(-224_-90),261,129,1,1,107.0
OK_R2_O57-69(2)(90,0)_OK,21,10,1,2,108.6
OK_R2_O57-69(2)(90,0)_OK,73,38,1,1,101.7
OK_R2_O57-69(2)(90,0)_OK,971,508,1,1,102.1
OK_R2_O29-32(90,0_180)OKKR,517,268,0,2,107.4
OK_R2_O29-32(90,0_180)OKKR,518,269,0,2,106.8
OK_R2_O29-32(90,0_180)OKKR,793,403,1,1,125.9
OK_R2_O29-32(90,0_180)OKKR,816,415,0,2,113.6
OK_R2_O57-69(1)(90,0)_OK,25,11,1,2,102.6
OK_R2_O57-69(1)(90,0)_OK,142,77,1,2,103.0
OK_R2_O57-69(1)(90,0)_OK,421,241,1,1,101.0
OK_R2_O57-69(1)(90,0)_OK,549,314,1,1,101.7
OK_R2_O48(150,-90)AWOK,41,24,0,2,108.2
OK_R2_O48(150,-90)AWOK,42,25,0,2,100.5
OK_R2_O25(90,90)OKKR,175,90,1,2,103.7
OK_R2_O25(90,90)OKKR,189,97,1,1,126.7
OK_R2_O55B(90,0)KMOK,233,118,1,2,101.5
KRIS_OTHER_WELDS,41,24,0,0,103.0
KRIS_OTHER_WELDS,625,324,0,2,102.3
KRIS_OTHER_WELDS,659,342,0,1,101.2
N_R2_D50&56B(110_90,180),88,50,1,0,105.6
N_R2_D50&56B(110_90,180),244,127,1,0,111.3
N_R2_D50&56B(110_90,180),251,129,1,1,105.4
N_R2_D50&56B(110_90,180),417,204,1,1,101.3
MASTER_X4,5,1,1,2,110.9
OK_R2_O242(-90,180)OKKR,3,1,1,2,107.9
OK_R2_O6-7(-90,0)OKKR,53,26,0,2,101.8
OK_R2_O6-7(-90,0)OKKR,144,70,1,2,106.9
OK_R2_O6-7(-90,0)OKKR,193,94,0,2,105.6
OK_R2_O6-7(-90,0)OKKR,250,119,0,2,110.4
OK_R2_O6-7(-90,0)OKKR,274,129,0,2,109.2
OK_R2_O8A-O21A(90,0)OKKR,1311,659,1,0,100.0
MASTER_X4,35,17,1,2,106.0
OK_R2_O8B-O21B(90,0)_MPKMOK,94,49,1,1,105.2
OK_R2_O8B-O21B(90,0)_MPKMOK,274,147,1,1,108.8
OK_R2_O8B-O21B(90,0)_MPKMOK,464,242,0,2,100.3
OK_R2_O8B-O21B(90,0)_MPKMOK,880,439,0,2,109.4
OK_R2_O8B-O21B(90,0)_MPKMOK,905,451,1,0,112.2
///OVERHAUL
,0,0,0,0,0
,0,0,0,0,0
,0,0,0,0,0
,0,0,0,0,0
,0,0,0,0,0
,0,0,0,0,0
,0,0,0,0,0
,0,0,0,0,0
,0,0,0,0,0
,0,0,0,0,0
,0,0,0,0,0
,0,0,0,0,0
,0,0,0,0,0
,0,0,0,0,0
,0,0,0,0,0
,0,0,0,0,0
,0,0,0,0,0
,0,0,0,0,0
,0,0,0,0,0
,0,0,0,0,0
,0,0,0,0,0
,0,0,0,0,0
,0,0,0,0,0
,0,0,0,0,0
,0,0,0,0,0
,0,0,0,0,0
,0,0,0,0,0
,0,0,0,0,0
,0,0,0,0,0
,0,0,0,0,0
,0,0,0,0,0
,0,0,0,0,0
,0,0,0,0,0
,0,0,0,0,0
,0,0,0,0,0
,0,0,0,0,0
,0,0,0,0,0
,0,0,0,0,0
,0,0,0,0,0
,0,0,0,0,0
,0,0,0,0,0
,0,0,0,0,0
,0,0,0,0,0
,0,0,0,0,0
,0,0,0,0,0
,0,0,0,0,0
,0,0,0,0,0
,0,0,0,0,0
,0,0,0,0,0
,0,0,0,0,0
///ENCNOISE-LV
,0,0,0,0,0
,0,0,0,0,0
,0,0,0,0,0
,0,0,0,0,0
,0,0,0,0,0
,0,0,0,0,0
,0,0,0,0,0
,0,0,0,0,0
,0,0,0,0,0
,0,0,0,0,0
,0,0,0,0,0
,0,0,0,0,0
,0,0,0,0,0
,0,0,0,0,0
,0,0,0,0,0
,0,0,0,0,0
,0,0,0,0,0
,0,0,0,0,0
,0,0,0,0,0
,0,0,0,0,0
,0,0,0,0,0
,0,0,0,0,0
,0,0,0,0,0
,0,0,0,0,0
,0,0,0,0,0
,0,0,0,0,0
,0,0,0,0,0
,0,0,0,0,0
,0,0,0,0,0
,0,0,0,0,0
,0,0,0,0,0
,0,0,0,0,0
,0,0,0,0,0
,0,0,0,0,0
,0,0,0,0,0
,0,0,0,0,0
,0,0,0,0,0
,0,0,0,0,0
,0,0,0,0,0
,0,0,0,0,0
,0,0,0,0,0
,0,0,0,0,0
,0,0,0,0,0
,0,0,0,0,0
,0,0,0,0,0
,0,0,0,0,0
,0,0,0,0,0
,0,0,0,0,0
,0,0,0,0,0
,0,0,0,0,0
//STEPDIAG 4
2025/06/05
///DUTY-RATIO
OK_R2_O38-47,64(2)(90,0)_HARDOX,905,471,1,1,104.0
OK_R2_O38-47,64(2)(90,0)_HARDOX,947,492,1,1,111.3
OK_R2_O38-47,64(2)(90,0)_HARDOX,1010,525,0,2,105.8
OK_R2_O50&56(110_90,0)AWOK,7,3,1,2,112.7
OK_R2_O50&56(110_90,0)AWOK,101,56,0,1,102.2
OK_R2_O50&56(110_90,0)AWOK,102,57,1,1,102.0
OK_R2_O50&56(110_90,0)AWOK,102,57,1,2,105.8
OK_R2_O50&56(110_90,0)AWOK,548,282,1,1,101.6
MASTER_X4_WZM_HARDOX,119,55,1,2,100.6
N_R2_D50&56B(110_90,180)_HARDOX,88,50,1,0,105.2
N_R2_D50&56B(110_90,180)_HARDOX,240,125,1,1,100.6
N_R2_D50&56B(110_90,180)_HARDOX,244,127,1,0,110.5
N_R2_D50&56B(110_90,180)_HARDOX,251,129,1,1,107.1
N_R2_D50&56B(110_90,180)_HARDOX,417,204,1,1,102.5
KRIS4(-224_-90),154,82,0,2,108.6
KRIS4(-224_-90),334,162,1,1,108.8
KRIS5(-224_-90),261,129,1,1,108.8
MASTER_X4_WZM_HARDOX,147,64,1,2,100.4
OK_R2_O57-69(2)(90,0)_OK_HARDOX,21,10,1,2,108.7
OK_R2_O57-69(2)(90,0)_OK_HARDOX,72,38,1,1,103.6
OK_R2_O57-69(2)(90,0)_OK_HARDOX,1117,591,1,1,103.8
OK_R2_O29-32(90,0_180)OKKR_HARDO,238,127,0,2,111.6
OK_R2_O29-32(90,0_180)OKKR_HARDO,621,330,0,2,106.8
OK_R2_O29-32(90,0_180)OKKR_HARDO,622,331,0,2,108.2
OK_R2_O29-32(90,0_180)OKKR_HARDO,897,465,1,1,128.3
OK_R2_O29-32(90,0_180)OKKR_HARDO,920,477,0,2,115.5
OK_R2_O57-69(1)(90,0)_OK_HARDOX,25,11,1,2,102.7
OK_R2_O57-69(1)(90,0)_OK_HARDOX,142,77,1,2,103.1
OK_R2_O57-69(1)(90,0)_OK_HARDOX,525,302,1,1,102.6
OK_R2_O57-69(1)(90,0)_OK_HARDOX,532,307,0,4,166.7
OK_R2_O57-69(1)(90,0)_OK_HARDOX,652,375,1,1,102.8
OK_R2_O48(150,-90)AWOK,41,24,0,2,109.4
OK_R2_O48(150,-90)AWOK,42,25,0,2,100.9
CLEAN-R1_KM_3P,4,0,1,1,114.3
X4-SCHODKI_ZEW_HARDOX,966,498,0,1,108.2
OK_R2_O25(90,90)OKKR,158,81,1,1,101.3
OK_R2_O25(90,90)OKKR,175,90,1,2,103.9
OK_R2_O25(90,90)OKKR,189,97,1,1,108.7
OK_R2_O55B(90,0)KMOK,233,118,1,2,101.7
KRIS_OTHER_WELDS,41,24,0,0,103.1
KRIS_OTHER_WELDS,625,324,0,2,102.8
KRIS_OTHER_WELDS,659,342,0,1,101.8
MASTER_X4,5,1,1,2,111.0
OK_R2_O242(-90,180)OKKR,3,1,1,2,107.9
OK_R2_O6-7(-90,0)OKKR,53,26,0,2,101.6
OK_R2_O6-7(-90,0)OKKR,144,70,1,2,107.0
OK_R2_O6-7(-90,0)OKKR,193,94,0,2,105.8
OK_R2_O6-7(-90,0)OKKR,250,119,0,2,109.9
OK_R2_O6-7(-90,0)OKKR,274,129,0,2,109.4
MASTER_X4,35,17,1,2,106.2
///OVERHAUL
,0,0,0,0,0
,0,0,0,0,0
,0,0,0,0,0
,0,0,0,0,0
,0,0,0,0,0
,0,0,0,0,0
,0,0,0,0,0
,0,0,0,0,0
,0,0,0,0,0
,0,0,0,0,0
,0,0,0,0,0
,0,0,0,0,0
,0,0,0,0,0
,0,0,0,0,0
,0,0,0,0,0
,0,0,0,0,0
,0,0,0,0,0
,0,0,0,0,0
,0,0,0,0,0
,0,0,0,0,0
,0,0,0,0,0
,0,0,0,0,0
,0,0,0,0,0
,0,0,0,0,0
,0,0,0,0,0
,0,0,0,0,0
,0,0,0,0,0
,0,0,0,0,0
,0,0,0,0,0
,0,0,0,0,0
,0,0,0,0,0
,0,0,0,0,0
,0,0,0,0,0
,0,0,0,0,0
,0,0,0,0,0
,0,0,0,0,0
,0,0,0,0,0
,0,0,0,0,0
,0,0,0,0,0
,0,0,0,0,0
,0,0,0,0,0
,0,0,0,0,0
,0,0,0,0,0
,0,0,0,0,0
,0,0,0,0,0
,0,0,0,0,0
,0,0,0,0,0
,0,0,0,0,0
,0,0,0,0,0
,0,0,0,0,0
///ENCNOISE-LV
,0,0,0,0,0
,0,0,0,0,0
,0,0,0,0,0
,0,0,0,0,0
,0,0,0,0,0
,0,0,0,0,0
,0,0,0,0,0
,0,0,0,0,0
,0,0,0,0,0
,0,0,0,0,0
,0,0,0,0,0
,0,0,0,0,0
,0,0,0,0,0
,0,0,0,0,0
,0,0,0,0,0
,0,0,0,0,0
,0,0,0,0,0
,0,0,0,0,0
,0,0,0,0,0
,0,0,0,0,0
,0,0,0,0,0
,0,0,0,0,0
,0,0,0,0,0
,0,0,0,0,0
,0,0,0,0,0
,0,0,0,0,0
,0,0,0,0,0
,0,0,0,0,0
,0,0,0,0,0
,0,0,0,0,0
,0,0,0,0,0
,0,0,0,0,0
,0,0,0,0,0
,0,0,0,0,0
,0,0,0,0,0
,0,0,0,0,0
,0,0,0,0,0
,0,0,0,0,0
,0,0,0,0,0
,0,0,0,0,0
,0,0,0,0,0
,0,0,0,0,0
,0,0,0,0,0
,0,0,0,0,0
,0,0,0,0,0
,0,0,0,0,0
,0,0,0,0,0
,0,0,0,0,0
,0,0,0,0,0
,0,0,0,0,0
//STEPDIAG 5
2025/06/04
///DUTY-RATIO
OK_R2_O242(-90,180)OKKR_HARDOX,3,1,1,2,107.6
OK_R2_O6-7(-90,0)OKKR,53,26,0,2,101.6
OK_R2_O6-7(-90,0)OKKR,144,70,1,2,106.5
OK_R2_O6-7(-90,0)OKKR,193,94,0,2,104.2
OK_R2_O6-7(-90,0)OKKR,250,119,0,2,109.2
OK_R2_O6-7(-90,0)OKKR,274,129,0,2,110.2
OK_R2_O8A-O21A(90,0)OKKR_HARDOX,770,388,1,1,101.2
OK_R2_O8A-O21A(90,0)OKKR_HARDOX,1330,669,0,2,101.0
OK_R2_O8A-O21A(90,0)OKKR_HARDOX,1336,671,1,0,100.2
MASTER_X4_WZM_HARDOX,40,17,1,2,106.0
OK_R2_O8B-O21B(90,0)_KMOK_HARDOX,94,49,1,1,108.1
OK_R2_O8B-O21B(90,0)_KMOK_HARDOX,652,336,1,1,101.6
OK_R2_O8B-O21B(90,0)_KMOK_HARDOX,880,439,0,2,107.2
OK_R2_O8B-O21B(90,0)_KMOK_HARDOX,905,451,1,0,112.1
OK_R2_O8B-O21B(90,0)_KMOK_HARDOX,1028,507,1,1,103.3
OK_R2_O8B-O21B(90,0)_KMOK_HARDOX,1107,551,1,1,108.8
OK_R2_O8B-O21B(90,0)_KMOK_HARDOX,1108,552,1,0,109.2
OK_R2_O8B-O21B(90,0)_KMOK_HARDOX,1148,572,1,1,103.7
OK_R2_O8B-O21B(90,0)_KMOK_HARDOX,1187,588,0,2,105.1
OK_R2_O8B-O21B(90,0)_KMOK_HARDOX,1205,597,0,2,113.0
OK_R2_O8B-O21B(90,0)_KMOK_HARDOX,1208,600,1,0,112.0
OK_R2_O8B-O21B(90,0)_KMOK_HARDOX,1249,623,0,2,131.7
OK_R2_O8B-O21B(90,0)_KMOK_HARDOX,1307,653,0,2,104.3
OK_R2_O8B-O21B(90,0)_KMOK_HARDOX,1325,662,0,2,100.5
OK_R2_O8B-O21B(90,0)_KMOK_HARDOX,1342,670,0,2,100.5
OK_R2_O8B-O21B(90,0)_KMOK_HARDOX,1361,678,0,2,120.9
OK_R2_O22-23(-90,180)OKKR,54,26,1,2,111.4
MASTER_X4_WZM_HARDOX,80,37,1,2,100.3
OK_R2_O7,1(180,-90)OKKR_COMOUT,93,45,0,2,119.3
MASTER_X4_WZM_HARDOX,87,40,1,2,100.3
KRIS2(-160_-90)34,96,49,1,1,120.8
KRIS2(-160_-90)34,134,71,0,2,103.3
KRIS2(-160_-90)34,302,146,1,1,100.4
OK_R2_O38-47,64(1)(90,180)_HARDO,126,66,1,0,113.2
OK_R2_O38-47,64(1)(90,180)_HARDO,166,87,0,2,105.8
OK_R2_O38-47,64(1)(90,180)_HARDO,192,105,1,1,107.2
OK_R2_O38-47,64(1)(90,180)_HARDO,247,135,1,1,103.7
OK_R2_O38-47,64(1)(90,180)_HARDO,363,194,1,0,103.4
OK_R2_O38-47,64(1)(90,180)_HARDO,1183,624,0,1,107.6
OK_R2_O38-47,64(1)(90,180)_HARDO,1283,678,1,1,100.2
OK_R2_O38-47,64(1)(90,180)_HARDO,1319,696,1,2,110.3
OK_R2_O38-47,64(1)(90,180)_HARDO,1520,800,1,0,100.1
OK_R2_O38-47,64(2)(90,0)_HARDOX,795,413,1,1,126.8
OK_R2_O38-47,64(2)(90,0)_HARDOX,820,427,1,1,110.9
OK_R2_O38-47,64(2)(90,0)_HARDOX,905,471,1,1,105.2
OK_R2_O38-47,64(2)(90,0)_HARDOX,947,492,1,1,112.5
OK_R2_O38-47,64(2)(90,0)_HARDOX,1010,525,0,2,107.1
OK_R2_O50&56(110_90,0)AWOK,7,3,1,2,113.2
OK_R2_O50&56(110_90,0)AWOK,101,56,0,1,102.8
OK_R2_O50&56(110_90,0)AWOK,102,57,1,1,103.4
///OVERHAUL
,0,0,0,0,0
,0,0,0,0,0
,0,0,0,0,0
,0,0,0,0,0
,0,0,0,0,0
,0,0,0,0,0
,0,0,0,0,0
,0,0,0,0,0
,0,0,0,0,0
,0,0,0,0,0
,0,0,0,0,0
,0,0,0,0,0
,0,0,0,0,0
,0,0,0,0,0
,0,0,0,0,0
,0,0,0,0,0
,0,0,0,0,0
,0,0,0,0,0
,0,0,0,0,0
,0,0,0,0,0
,0,0,0,0,0
,0,0,0,0,0
,0,0,0,0,0
,0,0,0,0,0
,0,0,0,0,0
,0,0,0,0,0
,0,0,0,0,0
,0,0,0,0,0
,0,0,0,0,0
,0,0,0,0,0
,0,0,0,0,0
,0,0,0,0,0
,0,0,0,0,0
,0,0,0,0,0
,0,0,0,0,0
,0,0,0,0,0
,0,0,0,0,0
,0,0,0,0,0
,0,0,0,0,0
,0,0,0,0,0
,0,0,0,0,0
,0,0,0,0,0
,0,0,0,0,0
,0,0,0,0,0
,0,0,0,0,0
,0,0,0,0,0
,0,0,0,0,0
,0,0,0,0,0
,0,0,0,0,0
,0,0,0,0,0
///ENCNOISE-LV
,0,0,0,0,0
,0,0,0,0,0
,0,0,0,0,0
,0,0,0,0,0
,0,0,0,0,0
,0,0,0,0,0
,0,0,0,0,0
,0,0,0,0,0
,0,0,0,0,0
,0,0,0,0,0
,0,0,0,0,0
,0,0,0,0,0
,0,0,0,0,0
,0,0,0,0,0
,0,0,0,0,0
,0,0,0,0,0
,0,0,0,0,0
,0,0,0,0,0
,0,0,0,0,0
,0,0,0,0,0
,0,0,0,0,0
,0,0,0,0,0
,0,0,0,0,0
,0,0,0,0,0
,0,0,0,0,0
,0,0,0,0,0
,0,0,0,0,0
,0,0,0,0,0
,0,0,0,0,0
,0,0,0,0,0
,0,0,0,0,0
,0,0,0,0,0
,0,0,0,0,0
,0,0,0,0,0
,0,0,0,0,0
,0,0,0,0,0
,0,0,0,0,0
,0,0,0,0,0
,0,0,0,0,0
,0,0,0,0,0
,0,0,0,0,0
,0,0,0,0,0
,0,0,0,0,0
,0,0,0,0,0
,0,0,0,0,0
,0,0,0,0,0
,0,0,0,0,0
,0,0,0,0,0
,0,0,0,0,0
,0,0,0,0,0
//STEPDIAG 6
2025/06/03
///DUTY-RATIO
OK_R2_O8B-O21B(90,0)_MPKMOK,464,242,0,2,100.0
OK_R2_O8B-O21B(90,0)_MPKMOK,652,336,1,1,102.8
OK_R2_O8B-O21B(90,0)_MPKMOK,698,355,1,1,100.4
OK_R2_O8B-O21B(90,0)_MPKMOK,880,439,0,2,108.8
OK_R2_O8B-O21B(90,0)_MPKMOK,905,451,1,0,112.3
OK_R2_O8B-O21B(90,0)_MPKMOK,1028,507,1,1,104.1
OK_R2_O8B-O21B(90,0)_MPKMOK,1107,551,1,1,110.8
OK_R2_O8B-O21B(90,0)_MPKMOK,1108,552,1,0,109.6
OK_R2_O8B-O21B(90,0)_MPKMOK,1141,568,0,2,100.0
OK_R2_O8B-O21B(90,0)_MPKMOK,1148,572,1,1,105.2
OK_R2_O8B-O21B(90,0)_MPKMOK,1187,588,0,2,101.2
OK_R2_O8B-O21B(90,0)_MPKMOK,1188,589,0,2,107.1
OK_R2_O8B-O21B(90,0)_MPKMOK,1205,597,0,2,100.9
OK_R2_O8B-O21B(90,0)_MPKMOK,1208,600,1,0,112.1
OK_R2_O8B-O21B(90,0)_MPKMOK,1249,623,0,2,128.9
OK_R2_O8B-O21B(90,0)_MPKMOK,1307,653,0,2,104.8
OK_R2_O8B-O21B(90,0)_MPKMOK,1318,659,0,4,178.1
OK_R2_O8B-O21B(90,0)_MPKMOK,1320,660,0,4,107.2
OK_R2_O8B-O21B(90,0)_MPKMOK,1361,678,0,2,107.8
OK_R2_O22-23(-90,180)OKKR,54,26,1,2,111.4
MASTER_X4,75,37,1,2,100.4
OK_R2_O7,1(180,-90)OKKR_COMOUT,93,45,0,2,121.0
MASTER_X4,82,40,1,2,100.3
KRIS1(-160_-90)07,152,85,1,1,101.0
KRIS2(-160_-90)34,1,1,1,1,100.2
KRIS2(-160_-90)34,96,49,1,1,105.3
KRIS2(-160_-90)34,99,52,1,1,100.8
KRIS2(-160_-90)34,134,71,0,2,102.6
KRIS2(-160_-90)34,302,146,1,1,101.9
OK_R2_O38-47,64(1)(90,180)OKKR,24,14,0,2,102.0
OK_R2_O38-47,64(1)(90,180)OKKR,50,32,1,1,108.8
OK_R2_O38-47,64(1)(90,180)OKKR,77,49,1,1,100.7
OK_R2_O38-47,64(1)(90,180)OKKR,105,62,1,1,105.3
OK_R2_O38-47,64(1)(90,180)OKKR,221,121,1,0,102.9
OK_R2_O38-47,64(1)(90,180)OKKR,1042,551,0,1,107.5
OK_R2_O38-47,64(1)(90,180)OKKR,1117,590,1,1,102.1
OK_R2_O38-47,64(1)(90,180)OKKR,1153,608,1,2,110.4
OK_R2_O38-47,64(1)(90,180)OKKR,1286,674,1,1,101.6
OK_R2_O38-47,64(2)(90,0)_MPOK,557,285,1,1,127.3
OK_R2_O38-47,64(2)(90,0)_MPOK,582,299,1,1,112.6
OK_R2_O38-47,64(2)(90,0)_MPOK,622,318,1,1,106.5
OK_R2_O38-47,64(2)(90,0)_MPOK,663,339,1,1,114.2
OK_R2_O50&56(110_90,0)AWOK,7,3,1,2,112.9
OK_R2_O50&56(110_90,0)AWOK,101,56,0,1,103.3
OK_R2_O50&56(110_90,0)AWOK,102,57,1,1,105.0
OK_R2_O50&56(110_90,0)AWOK,102,57,1,2,106.1
OK_R2_O50&56(110_90,0)AWOK,548,282,1,1,103.6
MASTER_X4,114,55,1,2,100.2
KRIS4(-224_-90),8,6,1,1,101.6
KRIS4(-224_-90),154,82,0,2,110.4
///OVERHAUL
,0,0,0,0,0
,0,0,0,0,0
,0,0,0,0,0
,0,0,0,0,0
,0,0,0,0,0
,0,0,0,0,0
,0,0,0,0,0
,0,0,0,0,0
,0,0,0,0,0
,0,0,0,0,0
,0,0,0,0,0
,0,0,0,0,0
,0,0,0,0,0
,0,0,0,0,0
,0,0,0,0,0
,0,0,0,0,0
,0,0,0,0,0
,0,0,0,0,0
,0,0,0,0,0
,0,0,0,0,0
,0,0,0,0,0
,0,0,0,0,0
,0,0,0,0,0
,0,0,0,0,0
,0,0,0,0,0
,0,0,0,0,0
,0,0,0,0,0
,0,0,0,0,0
,0,0,0,0,0
,0,0,0,0,0
,0,0,0,0,0
,0,0,0,0,0
,0,0,0,0,0
,0,0,0,0,0
,0,0,0,0,0
,0,0,0,0,0
,0,0,0,0,0
,0,0,0,0,0
,0,0,0,0,0
,0,0,0,0,0
,0,0,0,0,0
,0,0,0,0,0
,0,0,0,0,0
,0,0,0,0,0
,0,0,0,0,0
,0,0,0,0,0
,0,0,0,0,0
,0,0,0,0,0
,0,0,0,0,0
,0,0,0,0,0
///ENCNOISE-LV
,0,0,0,0,0
,0,0,0,0,0
,0,0,0,0,0
,0,0,0,0,0
,0,0,0,0,0
,0,0,0,0,0
,0,0,0,0,0
,0,0,0,0,0
,0,0,0,0,0
,0,0,0,0,0
,0,0,0,0,0
,0,0,0,0,0
,0,0,0,0,0
,0,0,0,0,0
,0,0,0,0,0
,0,0,0,0,0
,0,0,0,0,0
,0,0,0,0,0
,0,0,0,0,0
,0,0,0,0,0
,0,0,0,0,0
,0,0,0,0,0
,0,0,0,0,0
,0,0,0,0,0
,0,0,0,0,0
,0,0,0,0,0
,0,0,0,0,0
,0,0,0,0,0
,0,0,0,0,0
,0,0,0,0,0
,0,0,0,0,0
,0,0,0,0,0
,0,0,0,0,0
,0,0,0,0,0
,0,0,0,0,0
,0,0,0,0,0
,0,0,0,0,0
,0,0,0,0,0
,0,0,0,0,0
,0,0,0,0,0
,0,0,0,0,0
,0,0,0,0,0
,0,0,0,0,0
,0,0,0,0,0
,0,0,0,0,0
,0,0,0,0,0
,0,0,0,0,0
,0,0,0,0,0
,0,0,0,0,0
,0,0,0,0,0
//STEPDIAG 7
2025/06/02
///DUTY-RATIO
X2_38-47,64(1)(90,180),812,400,1,1,128.4
X2_38-47,64(1)(90,180),815,401,1,1,119.5
X2_38-47,64(1)(90,180),1058,510,0,4,131.8
X2_38-47,64(1)(90,180),1072,516,1,1,101.7
X2_38-47,64(1)(90,180),1154,559,1,0,103.2
X2_38-47,64(1)(90,180),1176,570,1,2,111.2
X2_38-47,64(2)(90,0),619,297,1,1,102.6
X2_38-47,64(2)(90,0),879,429,1,1,109.3
X2_38-47,64(2)(90,0),942,458,1,1,101.9
X2_38-47,64(2)(90,0),990,475,1,1,103.7
X2_38-47,64(2)(90,0),1363,667,1,2,104.6
X2_38-47,64(2)(90,0),1521,733,1,1,109.6
X2_38-47,64(2)(90,0),1588,759,1,1,106.0
X2_38-47,64(2)(90,0),1623,773,1,1,100.6
X2_50&56A(90,0),82,42,1,1,114.8
X2_50&56A(90,0),83,43,1,0,116.3
X2_50&56A(90,0),430,213,1,0,104.3
X2_50&56A(90,0),653,308,1,2,105.5
X2_50&56A(90,0),736,346,1,0,105.2
X2_50&56A(90,0),748,351,1,2,102.7
X2_50&56B(90_180),577,279,0,4,134.6
X2_50&56B(90_180),719,332,1,2,108.2
X2_50&56B(90_180),810,377,1,1,100.7
X2_51(P)(-165,-90),3,2,1,1,100.4
X2_51(P)(-165,-90),122,64,1,1,102.7
X2_51(P)(-165,-90),191,99,1,1,119.4
X2_51(P)(-165,-90),199,106,1,2,115.7
X2_51(P)(-165,-90),277,145,1,2,132.9
X2_51(P)(-165,-90),278,146,1,1,113.0
X2_51(P)(-165,-90),563,273,1,1,105.6
X2_51(P)(-165,-90),580,280,1,1,103.1
X2_51(P)(-165,-90),631,301,1,1,107.1
X2_51(P)(-165,-90),684,324,1,1,105.7
X2_100(P)(125,-90),348,162,1,2,101.2
X2_100(P)(125,-90),630,293,0,0,101.4
X2_101(P)(125,-90)2,30,16,1,2,101.7
X2_101(P)(125,-90)2,149,74,1,2,100.0
X2_101(P)(125,-90)2,261,122,1,2,105.4
X2_101(P)(125,-90)2,383,178,1,0,117.2
X2_101(P)(125,-90)2,421,196,1,0,119.1
X2_101(P)(125,-90)2,541,253,1,2,100.5
X2_102(P)(90,-90)1,217,114,0,2,103.6
X2_102(P)(90,-90)1,357,175,0,0,106.0
X2_57-69(1)(90,0),27,13,0,2,109.2
X2_57-69(1)(90,0),28,14,1,2,108.7
X2_57-69(1)(90,0),381,199,0,0,101.7
X2_57-69(1)(90,0),500,258,1,1,101.0
X2_29-32(-90,180),69,39,1,2,101.9
X2_29-32(-90,180),123,65,1,1,109.8
X2_29-32(-90,180),166,87,1,1,101.6
///OVERHAUL
,0,0,0,0,0
,0,0,0,0,0
,0,0,0,0,0
,0,0,0,0,0
,0,0,0,0,0
,0,0,0,0,0
,0,0,0,0,0
,0,0,0,0,0
,0,0,0,0,0
,0,0,0,0,0
,0,0,0,0,0
,0,0,0,0,0
,0,0,0,0,0
,0,0,0,0,0
,0,0,0,0,0
,0,0,0,0,0
,0,0,0,0,0
,0,0,0,0,0
,0,0,0,0,0
,0,0,0,0,0
,0,0,0,0,0
,0,0,0,0,0
,0,0,0,0,0
,0,0,0,0,0
,0,0,0,0,0
,0,0,0,0,0
,0,0,0,0,0
,0,0,0,0,0
,0,0,0,0,0
,0,0,0,0,0
,0,0,0,0,0
,0,0,0,0,0
,0,0,0,0,0
,0,0,0,0,0
,0,0,0,0,0
,0,0,0,0,0
,0,0,0,0,0
,0,0,0,0,0
,0,0,0,0,0
,0,0,0,0,0
,0,0,0,0,0
,0,0,0,0,0
,0,0,0,0,0
,0,0,0,0,0
,0,0,0,0,0
,0,0,0,0,0
,0,0,0,0,0
,0,0,0,0,0
,0,0,0,0,0
,0,0,0,0,0
///ENCNOISE-LV
,0,0,0,0,0
,0,0,0,0,0
,0,0,0,0,0
,0,0,0,0,0
,0,0,0,0,0
,0,0,0,0,0
,0,0,0,0,0
,0,0,0,0,0
,0,0,0,0,0
,0,0,0,0,0
,0,0,0,0,0
,0,0,0,0,0
,0,0,0,0,0
,0,0,0,0,0
,0,0,0,0,0
,0,0,0,0,0
,0,0,0,0,0
,0,0,0,0,0
,0,0,0,0,0
,0,0,0,0,0
,0,0,0,0,0
,0,0,0,0,0
,0,0,0,0,0
,0,0,0,0,0
,0,0,0,0,0
,0,0,0,0,0
,0,0,0,0,0
,0,0,0,0,0
,0,0,0,0,0
,0,0,0,0,0
,0,0,0,0,0
,0,0,0,0,0
,0,0,0,0,0
,0,0,0,0,0
,0,0,0,0,0
,0,0,0,0,0
,0,0,0,0,0
,0,0,0,0,0
,0,0,0,0,0
,0,0,0,0,0
,0,0,0,0,0
,0,0,0,0,0
,0,0,0,0,0
,0,0,0,0,0
,0,0,0,0,0
,0,0,0,0,0
,0,0,0,0,0
,0,0,0,0,0
,0,0,0,0,0
,0,0,0,0,0
