//VAR
///PFNUM 6,3,2,7
///SHARE 100,100,100,100,100,128,128,128
///B
1,1,1,0,0,0,0,0,0,0
0,0,0,0,0,0,0,0,0,0
0,0,0,0,0,0,0,0,0,0
1,0,0,0,0,0,0,0,0,0
0,0,0,0,0,0,0,0,0,0
0,0,0,0,0,0,0,0,0,0
2,0,0,0,0,0,0,0,0,0
0,0,0,0,0,0,0,0,0,0
0,0,0,0,0,0,0,0,0,0
0,0,0,0,0,0,0,0,0,0
///I
0,0,0,0,0,0,0,0,0,0
3,0,0,0,0,0,0,0,0,0
0,0,0,0,0,0,0,0,0,0
0,0,0,0,0,0,0,0,0,0
0,0,0,0,0,0,0,0,0,0
0,0,0,0,0,0,0,0,0,0
0,0,0,0,0,0,0,0,0,0
0,3,0,0,0,0,0,0,0,0
0,0,0,0,0,0,0,0,0,0
16825,0,0,0,0,0,0,0,0,0
///D
0,0,0,0,0,0,0,0,0,0
0,0,0,0,0,0,0,0,0,0
0,0,0,0,0,0,0,0,0,0
0,0,0,0,0,0,0,0,0,0
0,0,0,0,0,0,0,0,0,0
0,0,0,0,0,0,0,0,0,0
0,0,0,0,0,0,0,0,0,0
0,263,61217,287,0,0,70,71,4017,0
0,0,0,0,0,0,0,0,0,0
0,0,0,0,0,0,0,0,0,0
///R
0,0,0,0,0,0,0,0,0,0
0,0,0,0,0,0,0,0,0,0
0,0,0,0,0,0,0,0,0,0
0,0,0,0,0,0,0,0,0,0
0,0,0,0,0,0,0,0,0,0
0,0,0,0,0,0,0,0,0,0
 1.060000E+00,0,0,0,0,0,0,0,0,0
0,0,0,0,0,0,0,0,0,0
0,0,0,0,0,0,0,0,0,0
0,0,0,0,0,0,0,0,0,0
///S










ZZZ11111















































































16825 Wire buffer full



192.168.2.3
192.168.2.3




///P
"PULSE"0,0,0,000000000000000000000000,0,0,0,-94169,-96317,-16900,48081,41019,0,0
"RECTAN"0,0,0,000000000000000000000000,0,16,2714.263,6838.284,-998.276,27.8833,45.1566,-82.5967,0.0000,0.0000
"RECTAN"0,0,0,000000000000000000000000,0,17,1043.269,21.341,-685.503,-3.2769,-33.1509,3.6066,0.0000,0.0000
"PULSE"0,0,0,000000000000000000000000,0,0,0,0,0,0,0,0,0,0
"RECTAN"0,0,0,000000000000000000000000,0,16,1126.710,6667.276,-806.905,0.0000,0.0000,-180.0000,0.0000,0.0000
"PULSE"0,0,0,000000000000000000000000,0,0,0,-145000,-135000,0,122529,85598,0,0
"RECTAN"0,0,0,000000000000000000000000,0,16,0.222,-3.123,-1.508,0.0000,0.0000,0.0000,0.0000,0.0000
"RECTAN"0,0,0,000000000000000000000000,0,17,868.636,-1629.542,-1319.483,0.0000,90.0000,90.0000,0.0000,0.0000
"PULSE"0,0,0,000000000000000000000000,0,0,0,0,0,0,0,0,0,0
"RECTAN"0,0,0,000000000000000000000000,0,17,1016.440,28.428,-1885.496,0.0000,0.0000,180.0000,0.0000,0.0000
"RECTAN"0,0,0,000010000000000000000000,0,17,0.104,1.544,3.168,0.0000,0.0000,0.0000,0.0000,0.0000
"RECTAN"0,0,0,000000000000000000000000,0,16,-2.329,-0.061,-0.282,0.0000,0.0000,0.0000,0.0000,0.0000
"RECTAN"0,0,0,000000000000000000000000,0,16,-0.183,-1.308,1.069,0.0000,0.0000,0.0000,0.0000,0.0000
"RECTAN"0,0,0,000000000000000000000000,0,16,-0.119,0.591,-2.131,0.0000,0.0000,0.0000,0.0000,0.0000
"RECTAN"0,0,0,000000000000000000000000,0,16,-0.708,0.505,-8.393,0.0000,0.0000,0.0000,0.0000,0.0000
"UNUSED"
"UNUSED"
"PULSE"0,0,0,000000000000000000000000,0,0,0,0,0,0,0,0,0,0
"PULSE"0,0,0,000000000000000000000000,0,0,0,0,0,0,0,0,0,0
"UNUSED"
"RECTAN"0,0,0,000000000000000000000000,0,16,2.715,4.999,8.452,0.0000,0.0000,0.0000,0.0000,0.0000
"RECTAN"0,0,0,000000000000000000000000,0,16,-0.225,-6.128,-0.405,0.0000,0.0000,0.0000,0.0000,0.0000
"RECTAN"0,0,0,000000000000000000000000,0,16,0.222,-3.123,-1.508,0.0000,0.0000,0.0000,0.0000,0.0000
"RECTAN"0,0,0,000000000000000000000000,0,16,0.143,-0.036,0.682,0.0000,0.0000,0.0000,0.0000,0.0000
"RECTAN"0,0,0,000000000000000000000000,0,16,0.145,-0.552,1.326,0.0000,0.0000,0.0000,0.0000,0.0000
"RECTAN"0,0,0,000000000000000000000000,0,16,-2.003,0.006,0.728,0.0000,0.0000,0.0000,0.0000,0.0000
"RECTAN"0,0,0,000000000000000000000000,0,16,0.562,-0.002,-0.337,0.0000,0.0000,0.0000,0.0000,0.0000
"RECTAN"0,0,0,000000000000000000000000,0,16,-0.746,0.015,-9.096,0.0000,0.0000,0.0000,0.0000,0.0000
"RECTAN"0,0,0,000000000000000000000000,0,16,-2.237,-0.018,-7.702,0.0000,0.0000,0.0000,0.0000,0.0000
"RECTAN"0,0,0,000000000000000000000000,0,16,-2.156,-0.086,-4.681,0.0000,0.0000,0.0000,0.0000,0.0000
"RECTAN"0,0,0,000000000000000000000000,0,16,5.926,-4.294,-1.390,0.0000,0.0000,0.0000,0.0000,0.0000
"RECTAN"0,0,0,000000000000000000000000,0,16,1.853,-0.001,-1.549,0.0000,0.0000,0.0000,0.0000,0.0000
"RECTAN"0,0,0,000000000000000000000000,0,16,1.957,0.503,-7.217,0.0000,0.0000,0.0000,0.0000,0.0000
"RECTAN"0,0,0,000010000000000000000000,0,16,-0.123,0.612,-5.012,0.0000,0.0000,0.0000,0.0000,0.0000
"RECTAN"0,0,0,000000000000000000000000,0,16,-0.304,0.773,-2.693,0.0000,0.0000,0.0000,0.0000,0.0000
"RECTAN"0,0,0,000000000000000000000000,0,16,2.817,0.591,-1.622,0.0000,0.0000,0.0000,0.0000,0.0000
"RECTAN"0,0,0,000000000000000000000000,0,16,-1.108,-0.829,1.850,0.0000,0.0000,0.0000,0.0000,0.0000
"RECTAN"0,0,0,000000000000000000000000,0,16,0.023,0.937,-2.677,0.0000,0.0000,0.0000,0.0000,0.0000
"RECTAN"0,0,0,000000000000000000000000,0,16,0.158,-1.133,-1.952,0.0000,0.0000,0.0000,0.0000,0.0000
"RECTAN"0,0,0,000000000000000000000000,0,16,0.012,-3.081,-0.106,0.0000,0.0000,0.0000,0.0000,0.0000
"RECTAN"0,0,0,000000000000000000000000,0,16,-0.030,9.648,2.467,0.0000,0.0000,0.0000,0.0000,0.0000
"RECTAN"0,0,0,000000000000000000000000,0,16,0.192,3.924,0.305,0.0000,0.0000,0.0000,0.0000,0.0000
"RECTAN"0,0,0,000000000000000000000000,0,16,-0.217,1.941,0.413,0.0000,0.0000,0.0000,0.0000,0.0000
"RECTAN"0,0,0,000000000000000000000000,0,16,-0.044,-1.937,1.197,0.0000,0.0000,0.0000,0.0000,0.0000
"RECTAN"0,0,0,000000000000000000000000,0,16,0.687,-2.322,1.156,0.0000,0.0000,0.0000,0.0000,0.0000
"RECTAN"0,0,0,000000000000000000000000,0,16,-0.068,-0.810,1.603,0.0000,0.0000,0.0000,0.0000,0.0000
"RECTAN"0,0,0,000000000000000000000000,0,16,0.799,0.043,1.292,0.0000,0.0000,0.0000,0.0000,0.0000
"RECTAN"0,0,0,010000000000000000000000,0,16,-0.011,1.737,-0.646,0.0000,0.0000,0.0000,0.0000,0.0000
"RECTAN"0,0,0,000000000000000000000000,0,16,2.411,0.025,-0.606,0.0000,0.0000,0.0000,0.0000,0.0000
"RECTAN"0,0,0,000000000000000000000000,0,16,3.413,-3.572,-1.618,0.0000,0.0000,0.0000,0.0000,0.0000
"RECTAN"0,0,0,000000000000000000000000,0,16,4.296,-4.501,-0.826,0.0000,0.0000,0.0000,0.0000,0.0000
"RECTAN"0,0,0,000000000000000000000000,0,16,0.367,3.892,0.009,0.0000,0.0000,0.0000,0.0000,0.0000
"RECTAN"0,0,0,000000000000000000000000,0,16,0.088,2.832,-0.342,0.0000,0.0000,0.0000,0.0000,0.0000
"RECTAN"0,0,0,000000000000000000000000,0,16,0.134,6.594,0.107,0.0000,0.0000,0.0000,0.0000,0.0000
"RECTAN"0,0,0,000000000000000000000000,0,16,-0.103,6.509,-0.702,0.0000,0.0000,0.0000,0.0000,0.0000
"RECTAN"0,0,0,000000000000000000000000,0,16,-0.342,8.912,1.324,0.0000,0.0000,0.0000,0.0000,0.0000
"RECTAN"0,0,0,000000000000000000000000,0,16,0.568,-0.032,0.830,0.0000,0.0000,0.0000,0.0000,0.0000
"RECTAN"0,0,0,000000000000000000000000,0,16,0.586,-0.180,1.727,0.0000,0.0000,0.0000,0.0000,0.0000
"RECTAN"0,0,0,000000000000000000000000,0,16,0.385,-0.061,1.027,0.0000,0.0000,0.0000,0.0000,0.0000
"RECTAN"0,0,0,000000000000000000000000,0,16,0.483,-0.984,-2.888,0.0000,0.0000,0.0000,0.0000,0.0000
"RECTAN"0,0,0,000000000000000000000000,0,16,2.327,-2.514,-2.692,0.0000,0.0000,0.0000,0.0000,0.0000
"RECTAN"0,0,0,000000000000000000000000,0,16,1.575,-3.405,-0.752,0.0000,0.0000,0.0000,0.0000,0.0000
"RECTAN"0,0,0,000000000000000000000000,0,16,-0.135,-0.848,-1.706,0.0000,0.0000,0.0000,0.0000,0.0000
"RECTAN"0,0,0,000000000000000000000000,0,16,0.036,-0.654,-3.005,0.0000,0.0000,0.0000,0.0000,0.0000
"RECTAN"0,0,0,000000000000000000000000,0,16,-0.056,-0.423,-1.596,0.0000,0.0000,0.0000,0.0000,0.0000
"RECTAN"0,0,0,000000000000000000000000,0,16,-5.731,-1.657,0.588,0.0000,0.0000,0.0000,0.0000,0.0000
"RECTAN"0,0,0,000000000000000000000000,0,16,5.557,-0.028,3.115,0.0000,0.0000,0.0000,0.0000,0.0000
"RECTAN"0,0,0,010000000000000000000000,0,16,-0.081,0.026,-1.119,0.0000,0.0000,0.0000,0.0000,0.0000
"RECTAN"0,0,0,000000000000000000000000,0,16,2.896,1.192,4.622,0.0000,0.0000,0.0000,0.0000,0.0000
"RECTAN"0,0,0,000000000000000000000000,0,16,2.004,-0.013,0.498,0.0000,0.0000,0.0000,0.0000,0.0000
"RECTAN"0,0,0,000000000000000000000000,0,16,0.003,2.805,-1.116,0.0000,0.0000,0.0000,0.0000,0.0000
"RECTAN"0,0,0,000000000000000000000000,0,16,2.716,0.070,1.352,0.0000,0.0000,0.0000,0.0000,0.0000
"RECTAN"0,0,0,000000000000000000000000,0,16,1.041,-0.003,-0.797,0.0000,0.0000,0.0000,0.0000,0.0000
"RECTAN"0,0,0,000000000000000000000000,0,16,-0.961,5.319,-6.157,0.0000,0.0000,0.0000,0.0000,0.0000
"RECTAN"0,0,0,000000000000000000000000,0,16,1.123,1.944,-5.914,0.0000,0.0000,0.0000,0.0000,0.0000
"RECTAN"0,0,0,010000000000000000000000,0,16,-1.802,0.025,1.546,0.0000,0.0000,0.0000,0.0000,0.0000
"RECTAN"0,0,0,000000000000000000000000,0,16,1830.475,6713.589,-615.047,-10.0281,37.5073,-56.2412,0.0000,0.0000
"RECTAN"0,0,0,000000000000000000000000,0,16,1670.673,6544.317,-616.315,-10.0497,37.5473,-56.2807,0.0000,0.0000
"RECTAN"0,0,0,000000000000000000000000,0,16,1529.727,6638.522,-525.778,-10.0474,37.5483,-56.2737,0.0000,0.0000
"RECTAN"0,0,0,000000000000000000000000,0,16,1392.721,6493.935,-525.116,-10.0441,37.5324,-56.2705,0.0000,0.0000
"RECTAN"0,0,0,000000000000000000000000,0,16,-3.893,-3.240,-0.208,0.0000,0.0000,0.0000,0.0000,0.0000
"RECTAN"0,0,0,000000000000000000000000,0,16,19.486,11.347,1.262,0.0000,0.0000,0.0000,0.0000,0.0000
"RECTAN"0,0,0,000000000000000000000000,0,16,1084.422,6532.900,-616.641,-10.0181,37.5185,-126.4483,0.0000,0.0000
"RECTAN"0,0,0,000000000000000000000000,0,16,916.889,6710.405,-616.123,-10.0077,37.5340,-126.4421,0.0000,0.0000
"UNUSED"
"RECTAN"0,0,0,001000000000000000000000,0,16,2655.011,5900.682,-580.983,90.0000,0.0000,0.0000,0.0000,0.0000
"RECTAN"0,0,0,000000000000000000000000,0,16,2311.043,5942.351,-500.160,1.5159,-9.3906,85.2484,0.0000,0.0000
"RECTAN"0,0,0,000000000000000000000000,0,16,-17.000,22.000,-3.000,0.0000,0.0000,0.0000,0.0000,0.0000
"RECTAN"0,0,0,000000000000000000000000,0,16,-2.376,0.094,2.453,0.0000,0.0000,0.0000,0.0000,0.0000
"RECTAN"0,0,0,000000000000000000000000,0,16,5.697,-3.100,-1.263,0.0000,0.0000,0.0000,0.0000,0.0000
"RECTAN"0,0,0,000000000000000000000000,0,16,0.184,3.539,2.293,0.0000,0.0000,0.0000,0.0000,0.0000
"RECTAN"0,0,0,000000000000000000000000,0,16,-0.109,0.052,-0.075,0.0000,0.0000,0.0000,0.0000,0.0000
"RECTAN"0,0,0,000000000000000000000000,0,16,12.000,9.000,-4.000,0.0000,0.0000,0.0000,0.0000,0.0000
"RECTAN"0,0,0,000000000000000000000000,0,16,-12.000,-12.000,-3.000,0.0000,0.0000,0.0000,0.0000,0.0000
"RECTAN"0,0,0,000000000000000000000000,0,16,10.000,-10.000,-3.000,0.0000,0.0000,0.0000,0.0000,0.0000
"RECTAN"0,0,0,000000000000000000000000,0,16,-3.945,4.918,-0.177,0.0000,0.0000,0.0000,0.0000,0.0000
"RECTAN"0,0,0,000000000000000000000000,0,16,-0.633,5.398,-3.809,0.0000,0.0000,0.0000,0.0000,0.0000
"RECTAN"0,0,0,000000000000000000000000,0,16,0.069,0.776,0.128,0.0000,0.0000,0.0000,0.0000,0.0000
"RECTAN"0,0,0,000000000000000000000000,0,16,0.276,2.477,1.230,0.0000,0.0000,0.0000,0.0000,0.0000
"RECTAN"0,0,0,000000000000000000000000,0,16,-0.837,6.343,-3.499,0.0000,0.0000,0.0000,0.0000,0.0000
"RECTAN"0,0,0,000000000000000000000000,0,16,1.890,0.539,-2.641,0.0000,0.0000,0.0000,0.0000,0.0000
"RECTAN"0,0,0,000010000000000000000000,0,17,2064.480,-698.598,-133.503,1.6822,-19.8063,-6.7544,0.0000,0.0000
"PULSE"0,0,0,000000000000000000000000,0,0,643,55319,0,9175,-7634,-69485,0,0
"UNUSED"
"PULSE"0,0,0,000000000000000000000000,0,0,0,0,0,0,0,0,0,0
"RECTAN"0,0,0,000000000000000000000000,0,16,-1.846,-0.871,-2.217,0.0000,0.0000,0.0000,0.0000,0.0000
"RECTAN"0,0,0,000000000000000000000000,0,16,13.000,13.000,-3.000,0.0000,0.0000,0.0000,0.0000,0.0000
"RECTAN"0,0,0,000000000000000000000000,0,16,-12.000,-8.000,-3.000,0.0000,0.0000,0.0000,0.0000,0.0000
"RECTAN"0,0,0,000000000000000000000000,0,16,0.000,0.000,-3.000,0.0000,0.0000,0.0000,0.0000,0.0000
"RECTAN"0,0,0,000000000000000000000000,0,16,4.000,4.000,-1.000,-10.0000,10.0000,-30.0000,0.0000,0.0000
"RECTAN"0,0,0,000000000000000000000000,0,16,13.000,-10.000,-3.000,0.0000,0.0000,0.0000,0.0000,0.0000
"RECTAN"0,0,0,000000000000000000000000,0,16,-15.000,15.000,-2.000,0.0000,0.0000,0.0000,0.0000,0.0000
"RECTAN"0,0,0,000000000000000000000000,0,16,15.000,-7.000,-2.500,0.0000,0.0000,0.0000,0.0000,0.0000
"RECTAN"0,0,0,000000000000000000000000,0,16,-8.000,10.000,-3.000,0.0000,0.0000,0.0000,0.0000,0.0000
"RECTAN"0,0,0,000000000000000000000000,0,16,10.000,8.000,-3.000,0.0000,0.0000,0.0000,0.0000,0.0000
"RECTAN"0,0,0,000000000000000000000000,0,16,-8.000,-11.000,-2.000,0.0000,0.0000,60.0000,0.0000,0.0000
"UNUSED"
"UNUSED"
"RECTAN"0,0,0,000010000000000000000000,0,16,3134.275,3877.089,1923.662,15.4997,-68.1150,-17.2943,0.0000,0.0000
"RECTAN"0,0,0,000010000000000000000000,0,16,3138.574,3864.334,1933.184,15.4869,-68.1157,-17.2821,0.0000,0.0000
"RECTAN"0,0,0,000010000000000000000000,0,16,3137.100,3864.274,1922.357,15.4852,-68.1130,-17.2784,0.0000,0.0000
"RECTAN"0,0,0,000010000000000000000000,0,16,-0.007,-0.132,-0.028,-0.0505,-0.0027,0.0373,0.0000,0.0000
"RECTAN"0,0,0,000010000000000000000000,0,16,3137.544,3958.137,1922.667,15.5192,-68.1197,-17.3024,0.0000,0.0000
"RECTAN"0,0,0,000010000000000000000000,0,16,0.398,-92.365,-0.154,0.0099,0.0024,-0.0079,0.0000,0.0000
"RECTAN"0,0,0,000000000000000000000000,0,16,0.000,-50.000,0.000,0.0000,0.0000,0.0000,0.0000,0.0000
"RECTAN"0,0,0,000000000000000000000000,0,16,0.000,0.000,2.400,0.0000,0.0000,0.0000,0.0000,0.0000
"RECTAN"0,0,0,000000000000000000000000,0,16,-50.000,0.000,0.000,0.0000,0.0000,0.0000,0.0000,0.0000
"RECTAN"0,0,0,000000000000000000000000,0,16,50.000,0.000,0.000,0.0000,0.0000,0.0000,0.0000,0.0000
///BP
"PULSE"0,0,0,000000000000000000000000,0,0,262357,0,1075221,0,0,0,0,0
"RECTAN"0,0,0,000000000000000000000000,0,16,1748.393,5381.174,256.888,0.0000,0.0000,0.0000,0.0000,0.0000
"RECTAN"0,0,0,000000000000000000000000,0,17,0.000,-559.016,0.000,0.0000,0.0000,0.0000,0.0000,0.0000
"RECTAN"0,0,0,000000000000000000000000,0,17,0.000,-559.016,0.000,0.0000,0.0000,0.0000,0.0000,0.0000
"RECTAN"0,0,0,000000000000000000000000,0,16,1637.129,0.000,1281.420,0.0000,0.0000,0.0000,0.0000,0.0000
"PULSE"0,0,0,000000000000000000000000,0,0,316340,679454,170684,0,0,0,0,0
"RECTAN"0,0,0,000000000000000000000000,0,16,1748.393,5381.174,256.888,0.0000,0.0000,0.0000,0.0000,0.0000
"UNUSED"
"UNUSED"
"UNUSED"
"UNUSED"
"UNUSED"
"UNUSED"
"UNUSED"
"UNUSED"
"UNUSED"
"UNUSED"
"UNUSED"
"UNUSED"
"UNUSED"
"UNUSED"
"UNUSED"
"UNUSED"
"UNUSED"
"UNUSED"
"UNUSED"
"UNUSED"
"UNUSED"
"UNUSED"
"UNUSED"
"UNUSED"
"UNUSED"
"UNUSED"
"UNUSED"
"UNUSED"
"UNUSED"
"UNUSED"
"UNUSED"
"UNUSED"
"UNUSED"
"UNUSED"
"UNUSED"
"UNUSED"
"UNUSED"
"UNUSED"
"UNUSED"
"UNUSED"
"UNUSED"
"UNUSED"
"UNUSED"
"UNUSED"
"UNUSED"
"UNUSED"
"UNUSED"
"UNUSED"
"UNUSED"
"UNUSED"
"UNUSED"
"UNUSED"
"RECTAN"0,0,0,000000000000000000000000,0,16,1426.987,5676.930,997.322,0.0000,0.0000,0.0000,0.0000,0.0000
"RECTAN"0,0,0,000000000000000000000000,0,16,1426.987,5676.930,997.316,0.0000,0.0000,0.0000,0.0000,0.0000
"RECTAN"0,0,0,000000000000000000000000,0,16,1426.987,5676.930,997.316,0.0000,0.0000,0.0000,0.0000,0.0000
"RECTAN"0,0,0,000000000000000000000000,0,16,1426.987,5676.937,997.313,0.0000,0.0000,0.0000,0.0000,0.0000
"RECTAN"0,0,0,000000000000000000000000,0,16,1426.987,5676.937,997.313,0.0000,0.0000,0.0000,0.0000,0.0000
"RECTAN"0,0,0,000000000000000000000000,0,16,1426.987,5676.937,997.313,0.0000,0.0000,0.0000,0.0000,0.0000
"RECTAN"0,0,0,000000000000000000000000,0,16,1426.987,5676.937,997.313,0.0000,0.0000,0.0000,0.0000,0.0000
"RECTAN"0,0,0,000000000000000000000000,0,16,1381.482,7345.198,1516.094,0.0000,0.0000,0.0000,0.0000,0.0000
"RECTAN"0,0,0,000000000000000000000000,0,16,1381.482,7345.198,1516.094,0.0000,0.0000,0.0000,0.0000,0.0000
"UNUSED"
"UNUSED"
"RECTAN"0,0,0,000000000000000000000000,0,16,1426.993,5924.545,997.331,0.0000,0.0000,0.0000,0.0000,0.0000
"RECTAN"0,0,0,000000000000000000000000,0,16,1426.987,5924.539,997.326,0.0000,0.0000,0.0000,0.0000,0.0000
"RECTAN"0,0,0,000000000000000000000000,0,16,1426.987,5924.539,997.326,0.0000,0.0000,0.0000,0.0000,0.0000
"RECTAN"0,0,0,000000000000000000000000,0,16,1426.987,5924.539,997.326,0.0000,0.0000,0.0000,0.0000,0.0000
"RECTAN"0,0,0,000000000000000000000000,0,16,1426.987,5924.539,997.326,0.0000,0.0000,0.0000,0.0000,0.0000
"RECTAN"0,0,0,000000000000000000000000,0,16,1426.987,5924.539,997.326,0.0000,0.0000,0.0000,0.0000,0.0000
"RECTAN"0,0,0,000000000000000000000000,0,16,1419.547,5927.201,1003.231,0.0000,0.0000,0.0000,0.0000,0.0000
"RECTAN"0,0,0,000000000000000000000000,0,16,1419.547,5927.201,1003.231,0.0000,0.0000,0.0000,0.0000,0.0000
"RECTAN"0,0,0,000000000000000000000000,0,16,1419.547,5927.201,1003.231,0.0000,0.0000,0.0000,0.0000,0.0000
"RECTAN"0,0,0,000000000000000000000000,0,16,1419.547,5927.201,1003.231,0.0000,0.0000,0.0000,0.0000,0.0000
"RECTAN"0,0,0,000000000000000000000000,0,16,1419.547,5927.201,1003.231,0.0000,0.0000,0.0000,0.0000,0.0000
"RECTAN"0,0,0,000000000000000000000000,0,16,1419.547,5927.201,1003.231,0.0000,0.0000,0.0000,0.0000,0.0000
"RECTAN"0,0,0,000000000000000000000000,0,16,1419.547,5927.201,1003.231,0.0000,0.0000,0.0000,0.0000,0.0000
"RECTAN"0,0,0,000000000000000000000000,0,16,1419.547,5927.201,1003.231,0.0000,0.0000,0.0000,0.0000,0.0000
"UNUSED"
"UNUSED"
"UNUSED"
"UNUSED"
"UNUSED"
"UNUSED"
"UNUSED"
"UNUSED"
"UNUSED"
"UNUSED"
"UNUSED"
"UNUSED"
"UNUSED"
"UNUSED"
"UNUSED"
"UNUSED"
"UNUSED"
"UNUSED"
"UNUSED"
"UNUSED"
"UNUSED"
"UNUSED"
"UNUSED"
"UNUSED"
"UNUSED"
"UNUSED"
"UNUSED"
"UNUSED"
"UNUSED"
"UNUSED"
"UNUSED"
"UNUSED"
"UNUSED"
"UNUSED"
"UNUSED"
"PULSE"0,0,0,000000000000000000000000,0,0,0,663688,0,0,0,0,0,0
"UNUSED"
"RECTAN"0,0,0,000000000000000000000000,0,16,786.422,4395.220,1999.645,0.0000,0.0000,0.0000,0.0000,0.0000
"RECTAN"0,0,0,000000000000000000000000,0,16,786.422,4487.597,1999.645,0.0000,0.0000,0.0000,0.0000,0.0000
"RECTAN"0,0,0,000000000000000000000000,0,16,786.416,4395.220,1999.645,0.0000,0.0000,0.0000,0.0000,0.0000
"PULSE"0,0,0,000000000000000000000000,0,0,327994,900845,549238,0,0,0,0,0
"PULSE"0,0,0,000000000000000000000000,0,0,331435,946742,482481,0,0,0,0,0
"PULSE"0,0,0,000000000000000000000000,0,0,331815,946390,481942,0,0,0,0,0
"RECTAN"0,0,0,000000000000000000000000,0,16,329.000,4550.666,0.000,0.0000,0.0000,0.0000,0.0000,0.0000
///EX
"PULSE"0,0,0,000000000000000000000000,0,0,0,0,0,0,0,0,0,0
"PULSE"0,0,0,000000000000000000000000,0,0,798156,1112951,0,0,0,0,0,0
"PULSE"0,0,0,000000000000000000000000,0,0,0,0,0,0,0,0,0,0
"PULSE"0,0,0,000000000000000000000000,0,0,0,0,0,0,0,0,0,0
"PULSE"0,0,0,000000000000000000000000,0,0,1862367,1112952,0,0,0,0,0,0
"PULSE"0,0,0,000000000000000000000000,0,0,-798155,1112953,0,0,0,0,0,0
"PULSE"0,0,0,000000000000000000000000,0,0,798156,1112951,0,0,0,0,0,0
"PULSE"0,0,0,000000000000000000000000,0,0,798155,1112951,0,0,0,0,0,0
"PULSE"0,0,0,000000000000000000000000,0,0,798155,0,0,0,0,0,0,0
"PULSE"0,0,0,000000000000000000000000,0,0,975525,0,0,0,0,0,0,0
"UNUSED"
"UNUSED"
"PULSE"0,0,0,000000000000000000000000,0,0,0,0,0,0,0,0,0,0
"UNUSED"
"UNUSED"
"UNUSED"
"UNUSED"
"UNUSED"
"UNUSED"
"UNUSED"
"UNUSED"
"UNUSED"
"UNUSED"
"UNUSED"
"UNUSED"
"UNUSED"
"UNUSED"
"UNUSED"
"UNUSED"
"UNUSED"
"UNUSED"
"UNUSED"
"UNUSED"
"UNUSED"
"UNUSED"
"UNUSED"
"UNUSED"
"UNUSED"
"UNUSED"
"UNUSED"
"UNUSED"
"UNUSED"
"UNUSED"
"UNUSED"
"UNUSED"
"UNUSED"
"UNUSED"
"UNUSED"
"UNUSED"
"UNUSED"
"UNUSED"
"UNUSED"
"UNUSED"
"UNUSED"
"UNUSED"
"UNUSED"
"UNUSED"
"UNUSED"
"UNUSED"
"UNUSED"
"UNUSED"
"UNUSED"
"UNUSED"
"UNUSED"
"UNUSED"
"UNUSED"
"UNUSED"
"UNUSED"
"UNUSED"
"UNUSED"
"UNUSED"
"UNUSED"
"UNUSED"
"UNUSED"
"UNUSED"
"UNUSED"
"UNUSED"
"UNUSED"
"UNUSED"
"UNUSED"
"UNUSED"
"UNUSED"
"UNUSED"
"UNUSED"
"UNUSED"
"UNUSED"
"UNUSED"
"UNUSED"
"UNUSED"
"UNUSED"
"UNUSED"
"UNUSED"
"UNUSED"
"UNUSED"
"UNUSED"
"UNUSED"
"UNUSED"
"UNUSED"
"UNUSED"
"UNUSED"
"UNUSED"
"UNUSED"
"UNUSED"
"UNUSED"
"UNUSED"
"UNUSED"
"UNUSED"
"UNUSED"
"UNUSED"
"UNUSED"
"UNUSED"
"UNUSED"
"UNUSED"
"UNUSED"
"UNUSED"
"UNUSED"
"UNUSED"
"UNUSED"
"UNUSED"
"UNUSED"
"UNUSED"
"UNUSED"
"UNUSED"
"UNUSED"
"UNUSED"
"UNUSED"
"UNUSED"
"UNUSED"
