//RBCALIB 1
///MTOOL 0
///MGROUP 1,1,0,0,0,0,0,0,0,0,0,0,0,0,0,0,0,0,0,0,0,0,0,0,0,0,0,0,0,0,0,0
///MPULSE
////MRBC1 C0000=154082,-16115,21529,168673,13736,28663
////MBSC1 B0000=356425,478074,286155
////MRBC2 C0001=155776,-14035,23071,173800,13368,26538
////MBSC2 B0001=388713,475076,294254
////MRBC3 C0002=133758,-12544,17710,117140,20112,50060
////MBSC3 B0002=398115,479408,294089
////MRBC4 C0003=136547,-47848,-22224,100155,16374,58266
////MBSC4 B0003=398115,479408,294089
////MRBC5 C0004=138717,-70077,-47748,84682,14768,65534
////MBSC5 B0004=398115,479408,294089
///STOOL 0
///SGROUP 0,0,1,0,0,0,0,0,0,0,0,0,0,0,0,0,0,0,0,0,0,0,0,0,0,0,0,0,0,0,0,0
///SPULSE
////SSTC1 E0000=-288684,153761
////SSTC2 E0001=-288684,100889
////SSTC3 E0002=-288684,-1
////SSTC4 E0003=-169474,-1
////SSTC5 E0004=-81771,-1
////SRANG 1366.031,827.324,7.389,-179.4352,-3.5781,90.3894
