//AXRNGLMT 1
///CRC 3802974132
///COMMENT Base in safe position
16106,34104
2,1,1,0,8
1,5.000,0.000
0,0.000,0.000
0,0.000,0.000
0,0.000,0.000
0,0.000,0.000
0,0.000,0.000
0,0.000,0.000
0,0.000,0.000
0,0
0,0
0,0
0,0
0,0
161
0,0,0,0,0,0,0,0
0,0,0,0,0,0,0,0
//AXRNGLMT 2
///CRC 3802974132
///COMMENT
16090,48563
0,0,0,0,0
0,0.000,0.000
0,0.000,0.000
0,0.000,0.000
0,0.000,0.000
0,0.000,0.000
0,0.000,0.000
0,0.000,0.000
0,0.000,0.000
0,0
0,0
0,0
0,0
0,0
0
0,0,0,0,0,0,0,0
0,0,0,0,0,0,0,0
//AXRNGLMT 3
///CRC 3802974132
///COMMENT
16090,48563
0,0,0,0,0
0,0.000,0.000
0,0.000,0.000
0,0.000,0.000
0,0.000,0.000
0,0.000,0.000
0,0.000,0.000
0,0.000,0.000
0,0.000,0.000
0,0
0,0
0,0
0,0
0,0
0
0,0,0,0,0,0,0,0
0,0,0,0,0,0,0,0
//AXRNGLMT 4
///CRC 3802974132
///COMMENT
16090,48563
0,0,0,0,0
0,0.000,0.000
0,0.000,0.000
0,0.000,0.000
0,0.000,0.000
0,0.000,0.000
0,0.000,0.000
0,0.000,0.000
0,0.000,0.000
0,0
0,0
0,0
0,0
0,0
0
0,0,0,0,0,0,0,0
0,0,0,0,0,0,0,0
//AXRNGLMT 5
///CRC 3802974132
///COMMENT
16090,48563
0,0,0,0,0
0,0.000,0.000
0,0.000,0.000
0,0.000,0.000
0,0.000,0.000
0,0.000,0.000
0,0.000,0.000
0,0.000,0.000
0,0.000,0.000
0,0
0,0
0,0
0,0
0,0
0
0,0,0,0,0,0,0,0
0,0,0,0,0,0,0,0
//AXRNGLMT 6
///CRC 3802974132
///COMMENT
16090,48563
0,0,0,0,0
0,0.000,0.000
0,0.000,0.000
0,0.000,0.000
0,0.000,0.000
0,0.000,0.000
0,0.000,0.000
0,0.000,0.000
0,0.000,0.000
0,0
0,0
0,0
0,0
0,0
0
0,0,0,0,0,0,0,0
0,0,0,0,0,0,0,0
//AXRNGLMT 7
///CRC 3802974132
///COMMENT
16090,48563
0,0,0,0,0
0,0.000,0.000
0,0.000,0.000
0,0.000,0.000
0,0.000,0.000
0,0.000,0.000
0,0.000,0.000
0,0.000,0.000
0,0.000,0.000
0,0
0,0
0,0
0,0
0,0
0
0,0,0,0,0,0,0,0
0,0,0,0,0,0,0,0
//AXRNGLMT 8
///CRC 3802974132
///COMMENT
16090,48563
0,0,0,0,0
0,0.000,0.000
0,0.000,0.000
0,0.000,0.000
0,0.000,0.000
0,0.000,0.000
0,0.000,0.000
0,0.000,0.000
0,0.000,0.000
0,0
0,0
0,0
0,0
0,0
0
0,0,0,0,0,0,0,0
0,0,0,0,0,0,0,0
//AXRNGLMT 9
///CRC 3802974132
///COMMENT
16090,48563
0,0,0,0,0
0,0.000,0.000
0,0.000,0.000
0,0.000,0.000
0,0.000,0.000
0,0.000,0.000
0,0.000,0.000
0,0.000,0.000
0,0.000,0.000
0,0
0,0
0,0
0,0
0,0
0
0,0,0,0,0,0,0,0
0,0,0,0,0,0,0,0
//AXRNGLMT 10
///CRC 3802974132
///COMMENT
16090,48563
0,0,0,0,0
0,0.000,0.000
0,0.000,0.000
0,0.000,0.000
0,0.000,0.000
0,0.000,0.000
0,0.000,0.000
0,0.000,0.000
0,0.000,0.000
0,0
0,0
0,0
0,0
0,0
0
0,0,0,0,0,0,0,0
0,0,0,0,0,0,0,0
//AXRNGLMT 11
///CRC 3802974132
///COMMENT
16090,48563
0,0,0,0,0
0,0.000,0.000
0,0.000,0.000
0,0.000,0.000
0,0.000,0.000
0,0.000,0.000
0,0.000,0.000
0,0.000,0.000
0,0.000,0.000
0,0
0,0
0,0
0,0
0,0
0
0,0,0,0,0,0,0,0
0,0,0,0,0,0,0,0
//AXRNGLMT 12
///CRC 3802974132
///COMMENT
16090,48563
0,0,0,0,0
0,0.000,0.000
0,0.000,0.000
0,0.000,0.000
0,0.000,0.000
0,0.000,0.000
0,0.000,0.000
0,0.000,0.000
0,0.000,0.000
0,0
0,0
0,0
0,0
0,0
0
0,0,0,0,0,0,0,0
0,0,0,0,0,0,0,0
//AXRNGLMT 13
///CRC 3802974132
///COMMENT
16090,48563
0,0,0,0,0
0,0.000,0.000
0,0.000,0.000
0,0.000,0.000
0,0.000,0.000
0,0.000,0.000
0,0.000,0.000
0,0.000,0.000
0,0.000,0.000
0,0
0,0
0,0
0,0
0,0
0
0,0,0,0,0,0,0,0
0,0,0,0,0,0,0,0
//AXRNGLMT 14
///CRC 3802974132
///COMMENT
16090,48563
0,0,0,0,0
0,0.000,0.000
0,0.000,0.000
0,0.000,0.000
0,0.000,0.000
0,0.000,0.000
0,0.000,0.000
0,0.000,0.000
0,0.000,0.000
0,0
0,0
0,0
0,0
0,0
0
0,0,0,0,0,0,0,0
0,0,0,0,0,0,0,0
//AXRNGLMT 15
///CRC 3802974132
///COMMENT
16090,48563
0,0,0,0,0
0,0.000,0.000
0,0.000,0.000
0,0.000,0.000
0,0.000,0.000
0,0.000,0.000
0,0.000,0.000
0,0.000,0.000
0,0.000,0.000
0,0
0,0
0,0
0,0
0,0
0
0,0,0,0,0,0,0,0
0,0,0,0,0,0,0,0
//AXRNGLMT 16
///CRC 3802974132
///COMMENT
16090,48563
0,0,0,0,0
0,0.000,0.000
0,0.000,0.000
0,0.000,0.000
0,0.000,0.000
0,0.000,0.000
0,0.000,0.000
0,0.000,0.000
0,0.000,0.000
0,0
0,0
0,0
0,0
0,0
0
0,0,0,0,0,0,0,0
0,0,0,0,0,0,0,0
//AXRNGLMT 17
///CRC 3802974132
///COMMENT
16090,48563
0,0,0,0,0
0,0.000,0.000
0,0.000,0.000
0,0.000,0.000
0,0.000,0.000
0,0.000,0.000
0,0.000,0.000
0,0.000,0.000
0,0.000,0.000
0,0
0,0
0,0
0,0
0,0
0
0,0,0,0,0,0,0,0
0,0,0,0,0,0,0,0
//AXRNGLMT 18
///CRC 3802974132
///COMMENT
16090,48563
0,0,0,0,0
0,0.000,0.000
0,0.000,0.000
0,0.000,0.000
0,0.000,0.000
0,0.000,0.000
0,0.000,0.000
0,0.000,0.000
0,0.000,0.000
0,0
0,0
0,0
0,0
0,0
0
0,0,0,0,0,0,0,0
0,0,0,0,0,0,0,0
//AXRNGLMT 19
///CRC 3802974132
///COMMENT
16090,48563
0,0,0,0,0
0,0.000,0.000
0,0.000,0.000
0,0.000,0.000
0,0.000,0.000
0,0.000,0.000
0,0.000,0.000
0,0.000,0.000
0,0.000,0.000
0,0
0,0
0,0
0,0
0,0
0
0,0,0,0,0,0,0,0
0,0,0,0,0,0,0,0
//AXRNGLMT 20
///CRC 3802974132
///COMMENT
16090,48563
0,0,0,0,0
0,0.000,0.000
0,0.000,0.000
0,0.000,0.000
0,0.000,0.000
0,0.000,0.000
0,0.000,0.000
0,0.000,0.000
0,0.000,0.000
0,0
0,0
0,0
0,0
0,0
0
0,0,0,0,0,0,0,0
0,0,0,0,0,0,0,0
//AXRNGLMT 21
///CRC 3802974132
///COMMENT
16090,48563
0,0,0,0,0
0,0.000,0.000
0,0.000,0.000
0,0.000,0.000
0,0.000,0.000
0,0.000,0.000
0,0.000,0.000
0,0.000,0.000
0,0.000,0.000
0,0
0,0
0,0
0,0
0,0
0
0,0,0,0,0,0,0,0
0,0,0,0,0,0,0,0
//AXRNGLMT 22
///CRC 3802974132
///COMMENT
16090,48563
0,0,0,0,0
0,0.000,0.000
0,0.000,0.000
0,0.000,0.000
0,0.000,0.000
0,0.000,0.000
0,0.000,0.000
0,0.000,0.000
0,0.000,0.000
0,0
0,0
0,0
0,0
0,0
0
0,0,0,0,0,0,0,0
0,0,0,0,0,0,0,0
//AXRNGLMT 23
///CRC 3802974132
///COMMENT
16090,48563
0,0,0,0,0
0,0.000,0.000
0,0.000,0.000
0,0.000,0.000
0,0.000,0.000
0,0.000,0.000
0,0.000,0.000
0,0.000,0.000
0,0.000,0.000
0,0
0,0
0,0
0,0
0,0
0
0,0,0,0,0,0,0,0
0,0,0,0,0,0,0,0
//AXRNGLMT 24
///CRC 3802974132
///COMMENT
16090,48563
0,0,0,0,0
0,0.000,0.000
0,0.000,0.000
0,0.000,0.000
0,0.000,0.000
0,0.000,0.000
0,0.000,0.000
0,0.000,0.000
0,0.000,0.000
0,0
0,0
0,0
0,0
0,0
0
0,0,0,0,0,0,0,0
0,0,0,0,0,0,0,0
//AXRNGLMT 25
///CRC 3802974132
///COMMENT
16090,48563
0,0,0,0,0
0,0.000,0.000
0,0.000,0.000
0,0.000,0.000
0,0.000,0.000
0,0.000,0.000
0,0.000,0.000
0,0.000,0.000
0,0.000,0.000
0,0
0,0
0,0
0,0
0,0
0
0,0,0,0,0,0,0,0
0,0,0,0,0,0,0,0
//AXRNGLMT 26
///CRC 3802974132
///COMMENT
16090,48563
0,0,0,0,0
0,0.000,0.000
0,0.000,0.000
0,0.000,0.000
0,0.000,0.000
0,0.000,0.000
0,0.000,0.000
0,0.000,0.000
0,0.000,0.000
0,0
0,0
0,0
0,0
0,0
0
0,0,0,0,0,0,0,0
0,0,0,0,0,0,0,0
//AXRNGLMT 27
///CRC 3802974132
///COMMENT
16090,48563
0,0,0,0,0
0,0.000,0.000
0,0.000,0.000
0,0.000,0.000
0,0.000,0.000
0,0.000,0.000
0,0.000,0.000
0,0.000,0.000
0,0.000,0.000
0,0
0,0
0,0
0,0
0,0
0
0,0,0,0,0,0,0,0
0,0,0,0,0,0,0,0
//AXRNGLMT 28
///CRC 3802974132
///COMMENT
16090,48563
0,0,0,0,0
0,0.000,0.000
0,0.000,0.000
0,0.000,0.000
0,0.000,0.000
0,0.000,0.000
0,0.000,0.000
0,0.000,0.000
0,0.000,0.000
0,0
0,0
0,0
0,0
0,0
0
0,0,0,0,0,0,0,0
0,0,0,0,0,0,0,0
//AXRNGLMT 29
///CRC 3802974132
///COMMENT
16090,48563
0,0,0,0,0
0,0.000,0.000
0,0.000,0.000
0,0.000,0.000
0,0.000,0.000
0,0.000,0.000
0,0.000,0.000
0,0.000,0.000
0,0.000,0.000
0,0
0,0
0,0
0,0
0,0
0
0,0,0,0,0,0,0,0
0,0,0,0,0,0,0,0
//AXRNGLMT 30
///CRC 3802974132
///COMMENT
16090,48563
0,0,0,0,0
0,0.000,0.000
0,0.000,0.000
0,0.000,0.000
0,0.000,0.000
0,0.000,0.000
0,0.000,0.000
0,0.000,0.000
0,0.000,0.000
0,0
0,0
0,0
0,0
0,0
0
0,0,0,0,0,0,0,0
0,0,0,0,0,0,0,0
//AXRNGLMT 31
///CRC 3802974132
///COMMENT
16090,48563
0,0,0,0,0
0,0.000,0.000
0,0.000,0.000
0,0.000,0.000
0,0.000,0.000
0,0.000,0.000
0,0.000,0.000
0,0.000,0.000
0,0.000,0.000
0,0
0,0
0,0
0,0
0,0
0
0,0,0,0,0,0,0,0
0,0,0,0,0,0,0,0
//AXRNGLMT 32
///CRC 3802974132
///COMMENT
16090,48563
0,0,0,0,0
0,0.000,0.000
0,0.000,0.000
0,0.000,0.000
0,0.000,0.000
0,0.000,0.000
0,0.000,0.000
0,0.000,0.000
0,0.000,0.000
0,0
0,0
0,0
0,0
0,0
0
0,0,0,0,0,0,0,0
0,0,0,0,0,0,0,0
