//AXSPDMON 1
///CRC 1240835465
///COMMENT
16090,48563
0,0,0,0
0,0.0,0.000,0
0,0.0,0.000,0
0,0.0,0.000,0
0,0.0,0.000,0
0,0.0,0.000,0
0,0.0,0.000,0
0,0.0,0.000,0
0,0.0,0.000,0
0,0
0,0
0,0
0,0
0,0
0
0
0
0.0,0.0,0.0,0.0,0.0,0.0,0.0,0.0
//AXSPDMON 2
///CRC 1240835465
///COMMENT
16090,48563
0,0,0,0
0,0.0,0.000,0
0,0.0,0.000,0
0,0.0,0.000,0
0,0.0,0.000,0
0,0.0,0.000,0
0,0.0,0.000,0
0,0.0,0.000,0
0,0.0,0.000,0
0,0
0,0
0,0
0,0
0,0
0
0
0
0.0,0.0,0.0,0.0,0.0,0.0,0.0,0.0
//AXSPDMON 3
///CRC 1240835465
///COMMENT
16090,48563
0,0,0,0
0,0.0,0.000,0
0,0.0,0.000,0
0,0.0,0.000,0
0,0.0,0.000,0
0,0.0,0.000,0
0,0.0,0.000,0
0,0.0,0.000,0
0,0.0,0.000,0
0,0
0,0
0,0
0,0
0,0
0
0
0
0.0,0.0,0.0,0.0,0.0,0.0,0.0,0.0
//AXSPDMON 4
///CRC 1240835465
///COMMENT
16090,48563
0,0,0,0
0,0.0,0.000,0
0,0.0,0.000,0
0,0.0,0.000,0
0,0.0,0.000,0
0,0.0,0.000,0
0,0.0,0.000,0
0,0.0,0.000,0
0,0.0,0.000,0
0,0
0,0
0,0
0,0
0,0
0
0
0
0.0,0.0,0.0,0.0,0.0,0.0,0.0,0.0
//AXSPDMON 5
///CRC 1240835465
///COMMENT
16090,48563
0,0,0,0
0,0.0,0.000,0
0,0.0,0.000,0
0,0.0,0.000,0
0,0.0,0.000,0
0,0.0,0.000,0
0,0.0,0.000,0
0,0.0,0.000,0
0,0.0,0.000,0
0,0
0,0
0,0
0,0
0,0
0
0
0
0.0,0.0,0.0,0.0,0.0,0.0,0.0,0.0
//AXSPDMON 6
///CRC 1240835465
///COMMENT
16090,48563
0,0,0,0
0,0.0,0.000,0
0,0.0,0.000,0
0,0.0,0.000,0
0,0.0,0.000,0
0,0.0,0.000,0
0,0.0,0.000,0
0,0.0,0.000,0
0,0.0,0.000,0
0,0
0,0
0,0
0,0
0,0
0
0
0
0.0,0.0,0.0,0.0,0.0,0.0,0.0,0.0
//AXSPDMON 7
///CRC 1240835465
///COMMENT
16090,48563
0,0,0,0
0,0.0,0.000,0
0,0.0,0.000,0
0,0.0,0.000,0
0,0.0,0.000,0
0,0.0,0.000,0
0,0.0,0.000,0
0,0.0,0.000,0
0,0.0,0.000,0
0,0
0,0
0,0
0,0
0,0
0
0
0
0.0,0.0,0.0,0.0,0.0,0.0,0.0,0.0
//AXSPDMON 8
///CRC 1240835465
///COMMENT
16090,48563
0,0,0,0
0,0.0,0.000,0
0,0.0,0.000,0
0,0.0,0.000,0
0,0.0,0.000,0
0,0.0,0.000,0
0,0.0,0.000,0
0,0.0,0.000,0
0,0.0,0.000,0
0,0
0,0
0,0
0,0
0,0
0
0
0
0.0,0.0,0.0,0.0,0.0,0.0,0.0,0.0
//AXSPDMON 9
///CRC 1240835465
///COMMENT
16090,48563
0,0,0,0
0,0.0,0.000,0
0,0.0,0.000,0
0,0.0,0.000,0
0,0.0,0.000,0
0,0.0,0.000,0
0,0.0,0.000,0
0,0.0,0.000,0
0,0.0,0.000,0
0,0
0,0
0,0
0,0
0,0
0
0
0
0.0,0.0,0.0,0.0,0.0,0.0,0.0,0.0
//AXSPDMON 10
///CRC 1240835465
///COMMENT
16090,48563
0,0,0,0
0,0.0,0.000,0
0,0.0,0.000,0
0,0.0,0.000,0
0,0.0,0.000,0
0,0.0,0.000,0
0,0.0,0.000,0
0,0.0,0.000,0
0,0.0,0.000,0
0,0
0,0
0,0
0,0
0,0
0
0
0
0.0,0.0,0.0,0.0,0.0,0.0,0.0,0.0
//AXSPDMON 11
///CRC 1240835465
///COMMENT
16090,48563
0,0,0,0
0,0.0,0.000,0
0,0.0,0.000,0
0,0.0,0.000,0
0,0.0,0.000,0
0,0.0,0.000,0
0,0.0,0.000,0
0,0.0,0.000,0
0,0.0,0.000,0
0,0
0,0
0,0
0,0
0,0
0
0
0
0.0,0.0,0.0,0.0,0.0,0.0,0.0,0.0
//AXSPDMON 12
///CRC 1240835465
///COMMENT
16090,48563
0,0,0,0
0,0.0,0.000,0
0,0.0,0.000,0
0,0.0,0.000,0
0,0.0,0.000,0
0,0.0,0.000,0
0,0.0,0.000,0
0,0.0,0.000,0
0,0.0,0.000,0
0,0
0,0
0,0
0,0
0,0
0
0
0
0.0,0.0,0.0,0.0,0.0,0.0,0.0,0.0
//AXSPDMON 13
///CRC 1240835465
///COMMENT
16090,48563
0,0,0,0
0,0.0,0.000,0
0,0.0,0.000,0
0,0.0,0.000,0
0,0.0,0.000,0
0,0.0,0.000,0
0,0.0,0.000,0
0,0.0,0.000,0
0,0.0,0.000,0
0,0
0,0
0,0
0,0
0,0
0
0
0
0.0,0.0,0.0,0.0,0.0,0.0,0.0,0.0
//AXSPDMON 14
///CRC 1240835465
///COMMENT
16090,48563
0,0,0,0
0,0.0,0.000,0
0,0.0,0.000,0
0,0.0,0.000,0
0,0.0,0.000,0
0,0.0,0.000,0
0,0.0,0.000,0
0,0.0,0.000,0
0,0.0,0.000,0
0,0
0,0
0,0
0,0
0,0
0
0
0
0.0,0.0,0.0,0.0,0.0,0.0,0.0,0.0
//AXSPDMON 15
///CRC 1240835465
///COMMENT
16090,48563
0,0,0,0
0,0.0,0.000,0
0,0.0,0.000,0
0,0.0,0.000,0
0,0.0,0.000,0
0,0.0,0.000,0
0,0.0,0.000,0
0,0.0,0.000,0
0,0.0,0.000,0
0,0
0,0
0,0
0,0
0,0
0
0
0
0.0,0.0,0.0,0.0,0.0,0.0,0.0,0.0
//AXSPDMON 16
///CRC 1240835465
///COMMENT
16090,48563
0,0,0,0
0,0.0,0.000,0
0,0.0,0.000,0
0,0.0,0.000,0
0,0.0,0.000,0
0,0.0,0.000,0
0,0.0,0.000,0
0,0.0,0.000,0
0,0.0,0.000,0
0,0
0,0
0,0
0,0
0,0
0
0
0
0.0,0.0,0.0,0.0,0.0,0.0,0.0,0.0
//AXSPDMON 17
///CRC 1240835465
///COMMENT
16090,48563
0,0,0,0
0,0.0,0.000,0
0,0.0,0.000,0
0,0.0,0.000,0
0,0.0,0.000,0
0,0.0,0.000,0
0,0.0,0.000,0
0,0.0,0.000,0
0,0.0,0.000,0
0,0
0,0
0,0
0,0
0,0
0
0
0
0.0,0.0,0.0,0.0,0.0,0.0,0.0,0.0
//AXSPDMON 18
///CRC 1240835465
///COMMENT
16090,48563
0,0,0,0
0,0.0,0.000,0
0,0.0,0.000,0
0,0.0,0.000,0
0,0.0,0.000,0
0,0.0,0.000,0
0,0.0,0.000,0
0,0.0,0.000,0
0,0.0,0.000,0
0,0
0,0
0,0
0,0
0,0
0
0
0
0.0,0.0,0.0,0.0,0.0,0.0,0.0,0.0
//AXSPDMON 19
///CRC 1240835465
///COMMENT
16090,48563
0,0,0,0
0,0.0,0.000,0
0,0.0,0.000,0
0,0.0,0.000,0
0,0.0,0.000,0
0,0.0,0.000,0
0,0.0,0.000,0
0,0.0,0.000,0
0,0.0,0.000,0
0,0
0,0
0,0
0,0
0,0
0
0
0
0.0,0.0,0.0,0.0,0.0,0.0,0.0,0.0
//AXSPDMON 20
///CRC 1240835465
///COMMENT
16090,48563
0,0,0,0
0,0.0,0.000,0
0,0.0,0.000,0
0,0.0,0.000,0
0,0.0,0.000,0
0,0.0,0.000,0
0,0.0,0.000,0
0,0.0,0.000,0
0,0.0,0.000,0
0,0
0,0
0,0
0,0
0,0
0
0
0
0.0,0.0,0.0,0.0,0.0,0.0,0.0,0.0
//AXSPDMON 21
///CRC 1240835465
///COMMENT
16090,48563
0,0,0,0
0,0.0,0.000,0
0,0.0,0.000,0
0,0.0,0.000,0
0,0.0,0.000,0
0,0.0,0.000,0
0,0.0,0.000,0
0,0.0,0.000,0
0,0.0,0.000,0
0,0
0,0
0,0
0,0
0,0
0
0
0
0.0,0.0,0.0,0.0,0.0,0.0,0.0,0.0
//AXSPDMON 22
///CRC 1240835465
///COMMENT
16090,48563
0,0,0,0
0,0.0,0.000,0
0,0.0,0.000,0
0,0.0,0.000,0
0,0.0,0.000,0
0,0.0,0.000,0
0,0.0,0.000,0
0,0.0,0.000,0
0,0.0,0.000,0
0,0
0,0
0,0
0,0
0,0
0
0
0
0.0,0.0,0.0,0.0,0.0,0.0,0.0,0.0
//AXSPDMON 23
///CRC 1240835465
///COMMENT
16090,48563
0,0,0,0
0,0.0,0.000,0
0,0.0,0.000,0
0,0.0,0.000,0
0,0.0,0.000,0
0,0.0,0.000,0
0,0.0,0.000,0
0,0.0,0.000,0
0,0.0,0.000,0
0,0
0,0
0,0
0,0
0,0
0
0
0
0.0,0.0,0.0,0.0,0.0,0.0,0.0,0.0
//AXSPDMON 24
///CRC 1240835465
///COMMENT
16090,48563
0,0,0,0
0,0.0,0.000,0
0,0.0,0.000,0
0,0.0,0.000,0
0,0.0,0.000,0
0,0.0,0.000,0
0,0.0,0.000,0
0,0.0,0.000,0
0,0.0,0.000,0
0,0
0,0
0,0
0,0
0,0
0
0
0
0.0,0.0,0.0,0.0,0.0,0.0,0.0,0.0
//AXSPDMON 25
///CRC 1240835465
///COMMENT
16090,48563
0,0,0,0
0,0.0,0.000,0
0,0.0,0.000,0
0,0.0,0.000,0
0,0.0,0.000,0
0,0.0,0.000,0
0,0.0,0.000,0
0,0.0,0.000,0
0,0.0,0.000,0
0,0
0,0
0,0
0,0
0,0
0
0
0
0.0,0.0,0.0,0.0,0.0,0.0,0.0,0.0
//AXSPDMON 26
///CRC 1240835465
///COMMENT
16090,48563
0,0,0,0
0,0.0,0.000,0
0,0.0,0.000,0
0,0.0,0.000,0
0,0.0,0.000,0
0,0.0,0.000,0
0,0.0,0.000,0
0,0.0,0.000,0
0,0.0,0.000,0
0,0
0,0
0,0
0,0
0,0
0
0
0
0.0,0.0,0.0,0.0,0.0,0.0,0.0,0.0
//AXSPDMON 27
///CRC 1240835465
///COMMENT
16090,48563
0,0,0,0
0,0.0,0.000,0
0,0.0,0.000,0
0,0.0,0.000,0
0,0.0,0.000,0
0,0.0,0.000,0
0,0.0,0.000,0
0,0.0,0.000,0
0,0.0,0.000,0
0,0
0,0
0,0
0,0
0,0
0
0
0
0.0,0.0,0.0,0.0,0.0,0.0,0.0,0.0
//AXSPDMON 28
///CRC 1240835465
///COMMENT
16090,48563
0,0,0,0
0,0.0,0.000,0
0,0.0,0.000,0
0,0.0,0.000,0
0,0.0,0.000,0
0,0.0,0.000,0
0,0.0,0.000,0
0,0.0,0.000,0
0,0.0,0.000,0
0,0
0,0
0,0
0,0
0,0
0
0
0
0.0,0.0,0.0,0.0,0.0,0.0,0.0,0.0
//AXSPDMON 29
///CRC 1240835465
///COMMENT
16090,48563
0,0,0,0
0,0.0,0.000,0
0,0.0,0.000,0
0,0.0,0.000,0
0,0.0,0.000,0
0,0.0,0.000,0
0,0.0,0.000,0
0,0.0,0.000,0
0,0.0,0.000,0
0,0
0,0
0,0
0,0
0,0
0
0
0
0.0,0.0,0.0,0.0,0.0,0.0,0.0,0.0
//AXSPDMON 30
///CRC 1240835465
///COMMENT
16090,48563
0,0,0,0
0,0.0,0.000,0
0,0.0,0.000,0
0,0.0,0.000,0
0,0.0,0.000,0
0,0.0,0.000,0
0,0.0,0.000,0
0,0.0,0.000,0
0,0.0,0.000,0
0,0
0,0
0,0
0,0
0,0
0
0
0
0.0,0.0,0.0,0.0,0.0,0.0,0.0,0.0
//AXSPDMON 31
///CRC 1240835465
///COMMENT
16090,48563
0,0,0,0
0,0.0,0.000,0
0,0.0,0.000,0
0,0.0,0.000,0
0,0.0,0.000,0
0,0.0,0.000,0
0,0.0,0.000,0
0,0.0,0.000,0
0,0.0,0.000,0
0,0
0,0
0,0
0,0
0,0
0
0
0
0.0,0.0,0.0,0.0,0.0,0.0,0.0,0.0
//AXSPDMON 32
///CRC 1240835465
///COMMENT
16090,48563
0,0,0,0
0,0.0,0.000,0
0,0.0,0.000,0
0,0.0,0.000,0
0,0.0,0.000,0
0,0.0,0.000,0
0,0.0,0.000,0
0,0.0,0.000,0
0,0.0,0.000,0
0,0
0,0
0,0
0,0
0,0
0
0
0
0.0,0.0,0.0,0.0,0.0,0.0,0.0,0.0
