//STEPDIAG 1
2025/06/09
///DUTY-RATIO
CLEAN-R1,43,3,0,1,137.9
CLEAN-R1,45,5,0,0,125.3
CLEAN-R1,45,5,0,3,100.7
CLEAN-R1,230,35,1,0,108.8
MOVE_INTO_TUNNEL,3,0,0,1,130.2
SKRZYNIA_5040_0_STOPNI_1OBR,95,40,1,0,114.8
SKRZYNIA_5040_0_STOPNI_1OBR,98,43,0,3,104.1
SKRZYNIA_5040_0_STOPNI_1OBR,157,69,1,0,104.2
SKRZYNIA_5040_0_STOPNI_1OBR,216,96,0,1,112.1
SKRZYNIA_5040_0_STOPNI_1OBR,217,97,0,3,123.3
SKRZYNIA_5040_0_STOPNI_1OBR,260,125,0,3,110.7
SKRZYNIA_5040_0_STOPNI_1OBR,269,131,0,3,129.8
SKRZYNIA_5040_0_STOPNI_1OBR,292,144,0,3,105.6
SKRZYNIA_5040_0_STOPNI_1OBR,300,147,1,0,119.2
SKRZYNIA_5040_0_STOPNI_1OBR,463,207,1,0,100.0
SKRZYNIA_5040_0_STOPNI_1OBR,860,361,0,0,107.6
SKRZYNIA_5040_0_STOPNI_1OBR,865,363,0,0,106.9
SKRZYNIA_5040_0_STOPNI_1OBR,867,364,0,0,110.6
SKRZYNIA_5040_0_STOPNI_1OBR,868,365,0,0,120.3
SKRZYNIA_5040_0_STOPNI_1OBR,872,366,0,0,120.7
SKRZYNIA_5040_0_STOPNI_1OBR,892,380,0,0,114.2
SKRZYNIA_5040_0_STOPNI_1OBR,899,381,0,0,119.2
CLEAN-R1,43,3,0,1,139.6
CLEAN-R1,45,5,0,0,113.5
CLEAN-R1,230,35,1,0,108.7
SKRZYNIA_5040_90_STOPNI_10BR,3,2,1,0,102.0
SKRZYNIA_5040_90_STOPNI_10BR,16,9,0,0,117.0
SKRZYNIA_5040_90_STOPNI_10BR,21,11,0,0,113.4
SKRZYNIA_5040_90_STOPNI_10BR,26,12,0,0,114.6
SKRZYNIA_5040_90_STOPNI_10BR,32,15,0,0,114.5
SKRZYNIA_5040_90_STOPNI_10BR,37,17,0,0,112.3
SKRZYNIA_5040_90_STOPNI_10BR,42,18,0,0,119.4
SKRZYNIA_5040_90_STOPNI_10BR,48,21,0,0,114.9
SKRZYNIA_5040_90_STOPNI_10BR,53,23,0,0,112.3
SKRZYNIA_5040_90_STOPNI_10BR,58,24,0,0,118.6
SKRZYNIA_5040_90_STOPNI_10BR,64,27,0,0,114.2
SKRZYNIA_5040_90_STOPNI_10BR,69,29,0,0,111.6
SKRZYNIA_5040_90_STOPNI_10BR,74,30,0,0,119.0
SKRZYNIA_5040_90_STOPNI_10BR,80,33,0,0,114.1
SKRZYNIA_5040_90_STOPNI_10BR,85,35,0,0,111.7
SKRZYNIA_5040_90_STOPNI_10BR,90,36,0,0,113.5
SKRZYNIA_5040_90_STOPNI_10BR,122,48,0,0,105.2
SKRZYNIA_5040_90_STOPNI_10BR,123,49,0,0,100.9
SKRZYNIA_5040_90_STOPNI_10BR,138,54,0,0,101.8
SKRZYNIA_5040_90_STOPNI_10BR,139,55,0,0,111.8
SKRZYNIA_5040_90_STOPNI_10BR,144,57,0,0,112.1
SKRZYNIA_5040_90_STOPNI_10BR,149,59,0,0,104.3
SKRZYNIA_5040_90_STOPNI_10BR,151,60,0,0,110.3
SKRZYNIA_5040_90_STOPNI_10BR,169,71,0,0,102.6
SKRZYNIA_5040_90_STOPNI_10BR,174,73,0,0,101.7
///OVERHAUL
,0,0,0,0,0
,0,0,0,0,0
,0,0,0,0,0
,0,0,0,0,0
,0,0,0,0,0
,0,0,0,0,0
,0,0,0,0,0
,0,0,0,0,0
,0,0,0,0,0
,0,0,0,0,0
,0,0,0,0,0
,0,0,0,0,0
,0,0,0,0,0
,0,0,0,0,0
,0,0,0,0,0
,0,0,0,0,0
,0,0,0,0,0
,0,0,0,0,0
,0,0,0,0,0
,0,0,0,0,0
,0,0,0,0,0
,0,0,0,0,0
,0,0,0,0,0
,0,0,0,0,0
,0,0,0,0,0
,0,0,0,0,0
,0,0,0,0,0
,0,0,0,0,0
,0,0,0,0,0
,0,0,0,0,0
,0,0,0,0,0
,0,0,0,0,0
,0,0,0,0,0
,0,0,0,0,0
,0,0,0,0,0
,0,0,0,0,0
,0,0,0,0,0
,0,0,0,0,0
,0,0,0,0,0
,0,0,0,0,0
,0,0,0,0,0
,0,0,0,0,0
,0,0,0,0,0
,0,0,0,0,0
,0,0,0,0,0
,0,0,0,0,0
,0,0,0,0,0
,0,0,0,0,0
,0,0,0,0,0
,0,0,0,0,0
///ENCNOISE-LV
,0,0,0,0,0
,0,0,0,0,0
,0,0,0,0,0
,0,0,0,0,0
,0,0,0,0,0
,0,0,0,0,0
,0,0,0,0,0
,0,0,0,0,0
,0,0,0,0,0
,0,0,0,0,0
,0,0,0,0,0
,0,0,0,0,0
,0,0,0,0,0
,0,0,0,0,0
,0,0,0,0,0
,0,0,0,0,0
,0,0,0,0,0
,0,0,0,0,0
,0,0,0,0,0
,0,0,0,0,0
,0,0,0,0,0
,0,0,0,0,0
,0,0,0,0,0
,0,0,0,0,0
,0,0,0,0,0
,0,0,0,0,0
,0,0,0,0,0
,0,0,0,0,0
,0,0,0,0,0
,0,0,0,0,0
,0,0,0,0,0
,0,0,0,0,0
,0,0,0,0,0
,0,0,0,0,0
,0,0,0,0,0
,0,0,0,0,0
,0,0,0,0,0
,0,0,0,0,0
,0,0,0,0,0
,0,0,0,0,0
,0,0,0,0,0
,0,0,0,0,0
,0,0,0,0,0
,0,0,0,0,0
,0,0,0,0,0
,0,0,0,0,0
,0,0,0,0,0
,0,0,0,0,0
,0,0,0,0,0
,0,0,0,0,0
//STEPDIAG 2
2025/06/07
///DUTY-RATIO
FRONT_SEARCH_0ST-2_5240_V2,199,82,0,3,101.2
FRONT_SEARCH_0ST-2_5240_V2,374,165,0,3,113.0
FRONT_WELD_0ST-2_5240_V2,30,12,0,0,103.2
FRONT_WELD_0ST-2_5240_V2,307,118,0,1,102.7
CLEAN-R1,43,3,0,1,138.2
CLEAN-R1,230,35,1,0,108.9
MOVE_INTO_TUNNEL,3,0,0,1,130.9
SKRZYNIA_5240_0_STOPNI_2OBR,1381,550,0,3,106.3
CLEAN-R1,43,3,0,1,139.6
CLEAN-R1,45,5,0,0,126.5
CLEAN-R1,230,35,1,0,109.1
SKRZYNIA_5240_90_STOPNI_20BR,15,8,0,0,116.9
SKRZYNIA_5240_90_STOPNI_20BR,20,10,0,0,113.2
SKRZYNIA_5240_90_STOPNI_20BR,31,14,0,0,117.1
SKRZYNIA_5240_90_STOPNI_20BR,36,16,0,0,112.5
SKRZYNIA_5240_90_STOPNI_20BR,41,17,0,0,121.5
SKRZYNIA_5240_90_STOPNI_20BR,42,18,0,0,122.0
SKRZYNIA_5240_90_STOPNI_20BR,47,20,0,0,117.5
SKRZYNIA_5240_90_STOPNI_20BR,52,22,0,0,111.9
SKRZYNIA_5240_90_STOPNI_20BR,57,23,0,0,107.1
SKRZYNIA_5240_90_STOPNI_20BR,63,26,0,0,102.3
SEARCH-R1,8,0,0,0,107.4
SKRZYNIA_5240_90_STOPNI_20BR,89,35,0,0,101.1
SKRZYNIA_5240_90_STOPNI_20BR,90,36,0,0,104.4
SKRZYNIA_5240_90_STOPNI_20BR,95,38,0,0,104.8
SEARCH-R1,8,0,0,0,101.0
SKRZYNIA_5240_90_STOPNI_20BR,100,40,0,0,100.8
SKRZYNIA_5240_90_STOPNI_20BR,105,41,0,0,106.4
SKRZYNIA_5240_90_STOPNI_20BR,118,47,0,0,100.4
SKRZYNIA_5240_90_STOPNI_20BR,133,56,0,0,102.6
SKRZYNIA_5240_90_STOPNI_20BR,138,58,0,0,100.1
SKRZYNIA_5240_90_STOPNI_20BR,143,59,0,0,105.5
SKRZYNIA_5240_90_STOPNI_20BR,144,60,0,0,105.9
SKRZYNIA_5240_90_STOPNI_20BR,149,62,0,0,100.4
SEARCH-R1,9,0,0,0,101.2
SKRZYNIA_5240_90_STOPNI_20BR,159,65,0,0,104.5
SKRZYNIA_5240_90_STOPNI_20BR,160,66,0,0,106.1
SKRZYNIA_5240_90_STOPNI_20BR,165,68,0,0,101.7
SKRZYNIA_5240_90_STOPNI_20BR,172,71,0,0,107.6
SKRZYNIA_5240_90_STOPNI_20BR,173,72,0,0,101.0
SKRZYNIA_5240_90_STOPNI_20BR,200,86,0,0,102.7
SKRZYNIA_5240_90_STOPNI_20BR,201,87,0,0,107.4
SKRZYNIA_5240_90_STOPNI_20BR,214,93,1,0,110.9
FRONT_SEARCH_90ST-2_5240,57,23,0,3,111.1
SKRZYNIA_5240_90_STOPNI_20BR,640,264,0,0,116.9
SKRZYNIA_5240_90_STOPNI_20BR,643,265,0,0,132.8
SKRZYNIA_5240_90_STOPNI_20BR,649,266,0,0,125.3
SKRZYNIA_5240_90_STOPNI_20BR,658,269,0,0,117.3
SKRZYNIA_5240_90_STOPNI_20BR,741,308,0,0,105.2
SKRZYNIA_5240_90_STOPNI_20BR,761,314,0,0,101.7
///OVERHAUL
,0,0,0,0,0
,0,0,0,0,0
,0,0,0,0,0
,0,0,0,0,0
,0,0,0,0,0
,0,0,0,0,0
,0,0,0,0,0
,0,0,0,0,0
,0,0,0,0,0
,0,0,0,0,0
,0,0,0,0,0
,0,0,0,0,0
,0,0,0,0,0
,0,0,0,0,0
,0,0,0,0,0
,0,0,0,0,0
,0,0,0,0,0
,0,0,0,0,0
,0,0,0,0,0
,0,0,0,0,0
,0,0,0,0,0
,0,0,0,0,0
,0,0,0,0,0
,0,0,0,0,0
,0,0,0,0,0
,0,0,0,0,0
,0,0,0,0,0
,0,0,0,0,0
,0,0,0,0,0
,0,0,0,0,0
,0,0,0,0,0
,0,0,0,0,0
,0,0,0,0,0
,0,0,0,0,0
,0,0,0,0,0
,0,0,0,0,0
,0,0,0,0,0
,0,0,0,0,0
,0,0,0,0,0
,0,0,0,0,0
,0,0,0,0,0
,0,0,0,0,0
,0,0,0,0,0
,0,0,0,0,0
,0,0,0,0,0
,0,0,0,0,0
,0,0,0,0,0
,0,0,0,0,0
,0,0,0,0,0
,0,0,0,0,0
///ENCNOISE-LV
,0,0,0,0,0
,0,0,0,0,0
,0,0,0,0,0
,0,0,0,0,0
,0,0,0,0,0
,0,0,0,0,0
,0,0,0,0,0
,0,0,0,0,0
,0,0,0,0,0
,0,0,0,0,0
,0,0,0,0,0
,0,0,0,0,0
,0,0,0,0,0
,0,0,0,0,0
,0,0,0,0,0
,0,0,0,0,0
,0,0,0,0,0
,0,0,0,0,0
,0,0,0,0,0
,0,0,0,0,0
,0,0,0,0,0
,0,0,0,0,0
,0,0,0,0,0
,0,0,0,0,0
,0,0,0,0,0
,0,0,0,0,0
,0,0,0,0,0
,0,0,0,0,0
,0,0,0,0,0
,0,0,0,0,0
,0,0,0,0,0
,0,0,0,0,0
,0,0,0,0,0
,0,0,0,0,0
,0,0,0,0,0
,0,0,0,0,0
,0,0,0,0,0
,0,0,0,0,0
,0,0,0,0,0
,0,0,0,0,0
,0,0,0,0,0
,0,0,0,0,0
,0,0,0,0,0
,0,0,0,0,0
,0,0,0,0,0
,0,0,0,0,0
,0,0,0,0,0
,0,0,0,0,0
,0,0,0,0,0
,0,0,0,0,0
//STEPDIAG 3
2025/06/06
///DUTY-RATIO
SKRZYNIA_5040_-90_STOPNI_10BR,3,2,1,0,118.9
SKRZYNIA_5040_-90_STOPNI_10BR,16,9,0,0,122.3
SKRZYNIA_5040_-90_STOPNI_10BR,21,11,0,0,120.0
SKRZYNIA_5040_-90_STOPNI_10BR,32,15,0,0,121.2
SKRZYNIA_5040_-90_STOPNI_10BR,37,17,0,0,118.8
SKRZYNIA_5040_-90_STOPNI_10BR,48,21,0,0,120.8
SKRZYNIA_5040_-90_STOPNI_10BR,53,23,0,0,118.7
SKRZYNIA_5040_-90_STOPNI_10BR,64,27,0,0,121.2
SKRZYNIA_5040_-90_STOPNI_10BR,69,29,0,0,119.3
SKRZYNIA_5040_-90_STOPNI_10BR,80,33,0,0,120.4
SKRZYNIA_5040_-90_STOPNI_10BR,85,35,0,0,119.5
SKRZYNIA_5040_-90_STOPNI_10BR,96,39,0,0,101.5
SKRZYNIA_5040_-90_STOPNI_10BR,101,41,0,0,102.6
SKRZYNIA_5040_-90_STOPNI_10BR,106,42,0,0,110.1
SKRZYNIA_5040_-90_STOPNI_10BR,112,45,0,0,104.0
SKRZYNIA_5040_-90_STOPNI_10BR,117,47,0,0,106.8
SEARCH-R1,8,0,0,0,106.8
SKRZYNIA_5040_-90_STOPNI_10BR,133,53,0,0,100.4
SKRZYNIA_5040_-90_STOPNI_10BR,144,57,0,0,112.0
SKRZYNIA_5040_-90_STOPNI_10BR,149,59,0,0,111.5
SKRZYNIA_5040_-90_STOPNI_10BR,151,60,0,0,113.5
SKRZYNIA_5040_-90_STOPNI_10BR,152,61,0,1,107.3
SKRZYNIA_5040_-90_STOPNI_10BR,163,69,0,0,102.1
SKRZYNIA_5040_-90_STOPNI_10BR,168,71,0,0,112.3
SKRZYNIA_5040_-90_STOPNI_10BR,173,73,0,0,111.8
SKRZYNIA_5040_-90_STOPNI_10BR,184,77,0,0,112.6
SKRZYNIA_5040_-90_STOPNI_10BR,189,79,0,0,111.0
SKRZYNIA_5040_-90_STOPNI_10BR,200,83,0,0,111.1
SKRZYNIA_5040_-90_STOPNI_10BR,205,85,0,0,110.3
SKRZYNIA_5040_-90_STOPNI_10BR,216,89,0,0,112.5
SKRZYNIA_5040_-90_STOPNI_10BR,221,91,0,0,111.2
SKRZYNIA_5040_-90_STOPNI_10BR,226,92,0,0,116.7
SKRZYNIA_5040_-90_STOPNI_10BR,227,93,0,0,115.8
SKRZYNIA_5040_-90_STOPNI_10BR,232,95,0,0,109.5
SKRZYNIA_5040_-90_STOPNI_10BR,237,97,0,0,108.6
SKRZYNIA_5040_-90_STOPNI_10BR,248,101,0,0,108.5
SKRZYNIA_5040_-90_STOPNI_10BR,253,103,0,0,106.4
SKRZYNIA_5040_-90_STOPNI_10BR,258,104,0,0,113.6
SKRZYNIA_5040_-90_STOPNI_10BR,264,107,0,0,109.7
SKRZYNIA_5040_-90_STOPNI_10BR,269,109,0,0,107.9
SKRZYNIA_5040_-90_STOPNI_10BR,274,113,0,3,152.3
SKRZYNIA_5040_-90_STOPNI_10BR,276,115,0,3,105.4
SKRZYNIA_5040_-90_STOPNI_10BR,288,121,0,0,110.1
SKRZYNIA_5040_-90_STOPNI_10BR,293,123,0,0,107.0
SKRZYNIA_5040_-90_STOPNI_10BR,298,124,0,0,110.5
SKRZYNIA_5040_-90_STOPNI_10BR,304,127,0,0,115.7
SKRZYNIA_5040_-90_STOPNI_10BR,309,129,0,0,113.9
SKRZYNIA_5040_-90_STOPNI_10BR,320,133,0,0,108.5
SKRZYNIA_5040_-90_STOPNI_10BR,325,135,0,0,110.6
SKRZYNIA_5040_-90_STOPNI_10BR,330,139,1,0,102.2
///OVERHAUL
,0,0,0,0,0
,0,0,0,0,0
,0,0,0,0,0
,0,0,0,0,0
,0,0,0,0,0
,0,0,0,0,0
,0,0,0,0,0
,0,0,0,0,0
,0,0,0,0,0
,0,0,0,0,0
,0,0,0,0,0
,0,0,0,0,0
,0,0,0,0,0
,0,0,0,0,0
,0,0,0,0,0
,0,0,0,0,0
,0,0,0,0,0
,0,0,0,0,0
,0,0,0,0,0
,0,0,0,0,0
,0,0,0,0,0
,0,0,0,0,0
,0,0,0,0,0
,0,0,0,0,0
,0,0,0,0,0
,0,0,0,0,0
,0,0,0,0,0
,0,0,0,0,0
,0,0,0,0,0
,0,0,0,0,0
,0,0,0,0,0
,0,0,0,0,0
,0,0,0,0,0
,0,0,0,0,0
,0,0,0,0,0
,0,0,0,0,0
,0,0,0,0,0
,0,0,0,0,0
,0,0,0,0,0
,0,0,0,0,0
,0,0,0,0,0
,0,0,0,0,0
,0,0,0,0,0
,0,0,0,0,0
,0,0,0,0,0
,0,0,0,0,0
,0,0,0,0,0
,0,0,0,0,0
,0,0,0,0,0
,0,0,0,0,0
///ENCNOISE-LV
,0,0,0,0,0
,0,0,0,0,0
,0,0,0,0,0
,0,0,0,0,0
,0,0,0,0,0
,0,0,0,0,0
,0,0,0,0,0
,0,0,0,0,0
,0,0,0,0,0
,0,0,0,0,0
,0,0,0,0,0
,0,0,0,0,0
,0,0,0,0,0
,0,0,0,0,0
,0,0,0,0,0
,0,0,0,0,0
,0,0,0,0,0
,0,0,0,0,0
,0,0,0,0,0
,0,0,0,0,0
,0,0,0,0,0
,0,0,0,0,0
,0,0,0,0,0
,0,0,0,0,0
,0,0,0,0,0
,0,0,0,0,0
,0,0,0,0,0
,0,0,0,0,0
,0,0,0,0,0
,0,0,0,0,0
,0,0,0,0,0
,0,0,0,0,0
,0,0,0,0,0
,0,0,0,0,0
,0,0,0,0,0
,0,0,0,0,0
,0,0,0,0,0
,0,0,0,0,0
,0,0,0,0,0
,0,0,0,0,0
,0,0,0,0,0
,0,0,0,0,0
,0,0,0,0,0
,0,0,0,0,0
,0,0,0,0,0
,0,0,0,0,0
,0,0,0,0,0
,0,0,0,0,0
,0,0,0,0,0
,0,0,0,0,0
//STEPDIAG 4
2025/06/05
///DUTY-RATIO
CLEAN-R1,43,3,0,1,137.3
CLEAN-R1,230,35,1,0,102.1
CLEAN-R1,43,3,0,1,138.5
CLEAN-R1,45,5,0,0,127.3
CLEAN-R1,230,35,1,0,102.1
FRONT_SEARCH_0ST-2_5240_V2,374,165,0,3,109.4
FRONT_WELD_0ST-2_5240_V2,30,12,0,0,105.4
FRONT_WELD_0ST-2_5240_V2,180,69,0,0,102.2
FRONT_WELD_0ST-2_5240_V2,307,118,0,1,101.3
CLEAN-R1,43,3,0,1,140.4
CLEAN-R1,230,35,1,0,102.1
MOVE_INTO_TUNNEL,3,0,0,1,131.5
SKRZYNIA_5240_0_STOPNI_2OBR,1381,550,0,3,100.1
CLEAN-R1,43,3,0,1,140.3
CLEAN-R1,45,5,0,0,127.7
CLEAN-R1,230,35,1,0,102.3
SKRZYNIA_5240_90_STOPNI_20BR,15,8,0,0,117.3
SEARCH-R1,8,0,0,0,122.6
SKRZYNIA_5240_90_STOPNI_20BR,20,10,0,0,115.0
SKRZYNIA_5240_90_STOPNI_20BR,31,14,0,0,117.7
SKRZYNIA_5240_90_STOPNI_20BR,36,16,0,0,114.4
SKRZYNIA_5240_90_STOPNI_20BR,41,17,0,0,121.8
SKRZYNIA_5240_90_STOPNI_20BR,42,18,0,0,123.6
SKRZYNIA_5240_90_STOPNI_20BR,47,20,0,0,117.4
SKRZYNIA_5240_90_STOPNI_20BR,52,22,0,0,114.2
SKRZYNIA_5240_90_STOPNI_20BR,57,23,0,0,108.8
SKRZYNIA_5240_90_STOPNI_20BR,58,24,0,0,102.1
SEARCH-R1,8,0,0,0,102.0
SKRZYNIA_5240_90_STOPNI_20BR,63,26,0,0,102.1
SKRZYNIA_5240_90_STOPNI_20BR,89,35,0,0,105.3
SKRZYNIA_5240_90_STOPNI_20BR,90,36,0,0,107.7
SEARCH-R1,8,0,0,0,108.3
SKRZYNIA_5240_90_STOPNI_20BR,95,38,0,0,106.0
SKRZYNIA_5240_90_STOPNI_20BR,100,40,0,0,101.8
SKRZYNIA_5240_90_STOPNI_20BR,105,41,0,0,109.8
SKRZYNIA_5240_90_STOPNI_20BR,118,47,0,0,100.8
SKRZYNIA_5240_90_STOPNI_20BR,133,56,0,0,103.3
SEARCH-R1,8,0,0,0,104.6
SKRZYNIA_5240_90_STOPNI_20BR,138,58,0,0,100.9
SKRZYNIA_5240_90_STOPNI_20BR,143,59,0,0,106.8
SKRZYNIA_5240_90_STOPNI_20BR,144,60,0,0,107.9
SKRZYNIA_5240_90_STOPNI_20BR,149,62,0,0,101.2
SKRZYNIA_5240_90_STOPNI_20BR,159,65,0,0,106.3
SKRZYNIA_5240_90_STOPNI_20BR,160,66,0,0,107.4
SKRZYNIA_5240_90_STOPNI_20BR,165,68,0,0,101.2
SKRZYNIA_5240_90_STOPNI_20BR,172,71,0,0,107.0
SKRZYNIA_5240_90_STOPNI_20BR,173,72,0,0,101.4
SKRZYNIA_5240_90_STOPNI_20BR,200,86,0,0,103.8
SKRZYNIA_5240_90_STOPNI_20BR,201,87,0,0,108.2
SKRZYNIA_5240_90_STOPNI_20BR,214,93,1,0,111.4
///OVERHAUL
,0,0,0,0,0
,0,0,0,0,0
,0,0,0,0,0
,0,0,0,0,0
,0,0,0,0,0
,0,0,0,0,0
,0,0,0,0,0
,0,0,0,0,0
,0,0,0,0,0
,0,0,0,0,0
,0,0,0,0,0
,0,0,0,0,0
,0,0,0,0,0
,0,0,0,0,0
,0,0,0,0,0
,0,0,0,0,0
,0,0,0,0,0
,0,0,0,0,0
,0,0,0,0,0
,0,0,0,0,0
,0,0,0,0,0
,0,0,0,0,0
,0,0,0,0,0
,0,0,0,0,0
,0,0,0,0,0
,0,0,0,0,0
,0,0,0,0,0
,0,0,0,0,0
,0,0,0,0,0
,0,0,0,0,0
,0,0,0,0,0
,0,0,0,0,0
,0,0,0,0,0
,0,0,0,0,0
,0,0,0,0,0
,0,0,0,0,0
,0,0,0,0,0
,0,0,0,0,0
,0,0,0,0,0
,0,0,0,0,0
,0,0,0,0,0
,0,0,0,0,0
,0,0,0,0,0
,0,0,0,0,0
,0,0,0,0,0
,0,0,0,0,0
,0,0,0,0,0
,0,0,0,0,0
,0,0,0,0,0
,0,0,0,0,0
///ENCNOISE-LV
,0,0,0,0,0
,0,0,0,0,0
,0,0,0,0,0
,0,0,0,0,0
,0,0,0,0,0
,0,0,0,0,0
,0,0,0,0,0
,0,0,0,0,0
,0,0,0,0,0
,0,0,0,0,0
,0,0,0,0,0
,0,0,0,0,0
,0,0,0,0,0
,0,0,0,0,0
,0,0,0,0,0
,0,0,0,0,0
,0,0,0,0,0
,0,0,0,0,0
,0,0,0,0,0
,0,0,0,0,0
,0,0,0,0,0
,0,0,0,0,0
,0,0,0,0,0
,0,0,0,0,0
,0,0,0,0,0
,0,0,0,0,0
,0,0,0,0,0
,0,0,0,0,0
,0,0,0,0,0
,0,0,0,0,0
,0,0,0,0,0
,0,0,0,0,0
,0,0,0,0,0
,0,0,0,0,0
,0,0,0,0,0
,0,0,0,0,0
,0,0,0,0,0
,0,0,0,0,0
,0,0,0,0,0
,0,0,0,0,0
,0,0,0,0,0
,0,0,0,0,0
,0,0,0,0,0
,0,0,0,0,0
,0,0,0,0,0
,0,0,0,0,0
,0,0,0,0,0
,0,0,0,0,0
,0,0,0,0,0
,0,0,0,0,0
//STEPDIAG 5
2025/06/04
///DUTY-RATIO
CLEAN-R1,43,3,0,1,138.2
CLEAN-R1,45,5,0,0,125.8
CLEAN-R1,230,35,1,0,102.7
MOVE_INTO_TUNNEL,3,0,0,1,130.4
SKRZYNIA_4840_0_STOPNI_1OBR,265,126,0,3,101.2
SKRZYNIA_4840_0_STOPNI_1OBR,274,132,0,3,120.5
SKRZYNIA_4840_0_STOPNI_1OBR,302,148,1,0,119.8
SKRZYNIA_4840_0_STOPNI_1OBR,401,184,1,0,100.4
SKRZYNIA_4840_0_STOPNI_1OBR,452,202,1,0,100.8
SKRZYNIA_4840_0_STOPNI_1OBR,725,302,1,0,109.4
SKRZYNIA_4840_0_STOPNI_1OBR,726,303,1,0,111.4
SKRZYNIA_4840_0_STOPNI_1OBR,742,310,1,0,113.4
SKRZYNIA_4840_0_STOPNI_1OBR,743,311,1,0,100.3
SKRZYNIA_4840_0_STOPNI_1OBR,836,351,0,0,118.0
SKRZYNIA_4840_0_STOPNI_1OBR,839,353,0,0,111.8
SKRZYNIA_4840_0_STOPNI_1OBR,841,354,0,0,120.2
SKRZYNIA_4840_0_STOPNI_1OBR,842,355,0,0,121.2
SKRZYNIA_4840_0_STOPNI_1OBR,846,356,0,0,120.1
SKRZYNIA_4840_0_STOPNI_1OBR,866,370,0,0,114.7
SKRZYNIA_4840_0_STOPNI_1OBR,873,371,0,0,120.9
SKRZYNIA_4840_0_STOPNI_1OBR,885,379,1,0,108.5
SKRZYNIA_4840_0_STOPNI_1OBR,914,388,1,0,112.8
SKRZYNIA_4840_0_STOPNI_1OBR,915,389,1,0,106.0
SKRZYNIA_4840_0_STOPNI_1OBR,1161,488,1,0,116.6
CLEAN-R1,43,3,0,1,139.5
CLEAN-R1,45,5,0,0,127.5
CLEAN-R1,230,35,1,0,102.8
SKRZYNIA_4840_90_STOPNI_10BR,3,2,1,0,103.2
SKRZYNIA_4840_90_STOPNI_10BR,11,7,0,0,124.0
SKRZYNIA_4840_90_STOPNI_10BR,16,9,0,0,116.8
SEARCH-R1,8,0,0,0,122.8
SKRZYNIA_4840_90_STOPNI_10BR,21,11,0,0,113.7
SKRZYNIA_4840_90_STOPNI_10BR,26,12,0,0,108.2
SKRZYNIA_4840_90_STOPNI_10BR,32,15,0,0,114.5
SKRZYNIA_4840_90_STOPNI_10BR,37,17,0,0,112.8
SKRZYNIA_4840_90_STOPNI_10BR,42,18,0,0,119.5
SKRZYNIA_4840_90_STOPNI_10BR,48,21,0,0,114.3
SKRZYNIA_4840_90_STOPNI_10BR,53,23,0,0,113.0
SKRZYNIA_4840_90_STOPNI_10BR,58,24,0,0,121.1
SKRZYNIA_4840_90_STOPNI_10BR,64,27,0,0,113.3
SKRZYNIA_4840_90_STOPNI_10BR,69,29,0,0,112.8
SKRZYNIA_4840_90_STOPNI_10BR,74,30,0,0,119.4
SKRZYNIA_4840_90_STOPNI_10BR,80,33,0,0,113.7
SKRZYNIA_4840_90_STOPNI_10BR,85,35,0,0,112.1
SKRZYNIA_4840_90_STOPNI_10BR,90,36,0,0,115.7
SKRZYNIA_4840_90_STOPNI_10BR,106,42,0,0,100.2
SKRZYNIA_4840_90_STOPNI_10BR,122,48,0,0,105.3
SKRZYNIA_4840_90_STOPNI_10BR,123,49,0,0,100.2
SKRZYNIA_4840_90_STOPNI_10BR,138,54,0,0,102.3
SKRZYNIA_4840_90_STOPNI_10BR,139,55,0,0,112.5
///OVERHAUL
,0,0,0,0,0
,0,0,0,0,0
,0,0,0,0,0
,0,0,0,0,0
,0,0,0,0,0
,0,0,0,0,0
,0,0,0,0,0
,0,0,0,0,0
,0,0,0,0,0
,0,0,0,0,0
,0,0,0,0,0
,0,0,0,0,0
,0,0,0,0,0
,0,0,0,0,0
,0,0,0,0,0
,0,0,0,0,0
,0,0,0,0,0
,0,0,0,0,0
,0,0,0,0,0
,0,0,0,0,0
,0,0,0,0,0
,0,0,0,0,0
,0,0,0,0,0
,0,0,0,0,0
,0,0,0,0,0
,0,0,0,0,0
,0,0,0,0,0
,0,0,0,0,0
,0,0,0,0,0
,0,0,0,0,0
,0,0,0,0,0
,0,0,0,0,0
,0,0,0,0,0
,0,0,0,0,0
,0,0,0,0,0
,0,0,0,0,0
,0,0,0,0,0
,0,0,0,0,0
,0,0,0,0,0
,0,0,0,0,0
,0,0,0,0,0
,0,0,0,0,0
,0,0,0,0,0
,0,0,0,0,0
,0,0,0,0,0
,0,0,0,0,0
,0,0,0,0,0
,0,0,0,0,0
,0,0,0,0,0
,0,0,0,0,0
///ENCNOISE-LV
,0,0,0,0,0
,0,0,0,0,0
,0,0,0,0,0
,0,0,0,0,0
,0,0,0,0,0
,0,0,0,0,0
,0,0,0,0,0
,0,0,0,0,0
,0,0,0,0,0
,0,0,0,0,0
,0,0,0,0,0
,0,0,0,0,0
,0,0,0,0,0
,0,0,0,0,0
,0,0,0,0,0
,0,0,0,0,0
,0,0,0,0,0
,0,0,0,0,0
,0,0,0,0,0
,0,0,0,0,0
,0,0,0,0,0
,0,0,0,0,0
,0,0,0,0,0
,0,0,0,0,0
,0,0,0,0,0
,0,0,0,0,0
,0,0,0,0,0
,0,0,0,0,0
,0,0,0,0,0
,0,0,0,0,0
,0,0,0,0,0
,0,0,0,0,0
,0,0,0,0,0
,0,0,0,0,0
,0,0,0,0,0
,0,0,0,0,0
,0,0,0,0,0
,0,0,0,0,0
,0,0,0,0,0
,0,0,0,0,0
,0,0,0,0,0
,0,0,0,0,0
,0,0,0,0,0
,0,0,0,0,0
,0,0,0,0,0
,0,0,0,0,0
,0,0,0,0,0
,0,0,0,0,0
,0,0,0,0,0
,0,0,0,0,0
//STEPDIAG 6
2025/06/03
///DUTY-RATIO
CLEAN-R1,45,5,0,0,126.2
CLEAN-R1,230,35,1,0,103.3
MOVE_INTO_TUNNEL,3,0,0,1,129.8
SKRZYNIA_4640_0_STOPNI_1OBR,87,38,1,0,103.1
SKRZYNIA_4640_0_STOPNI_1OBR,225,99,0,1,113.9
SKRZYNIA_4640_0_STOPNI_1OBR,226,100,0,3,115.1
SKRZYNIA_4640_0_STOPNI_1OBR,269,128,0,3,102.3
SKRZYNIA_4640_0_STOPNI_1OBR,278,134,0,3,122.2
SKRZYNIA_4640_0_STOPNI_1OBR,405,186,1,0,100.9
SKRZYNIA_4640_0_STOPNI_1OBR,456,204,1,0,101.1
SKRZYNIA_4640_0_STOPNI_1OBR,841,356,0,0,106.9
SKRZYNIA_4640_0_STOPNI_1OBR,846,358,0,0,110.4
SKRZYNIA_4640_0_STOPNI_1OBR,848,359,0,0,123.2
SKRZYNIA_4640_0_STOPNI_1OBR,849,360,0,0,122.0
SKRZYNIA_4640_0_STOPNI_1OBR,853,361,0,0,121.8
SKRZYNIA_4640_0_STOPNI_1OBR,873,375,0,0,114.8
SKRZYNIA_4640_0_STOPNI_1OBR,880,376,0,0,119.9
SKRZYNIA_4640_0_STOPNI_1OBR,886,382,1,0,106.8
SKRZYNIA_4640_0_STOPNI_1OBR,927,395,1,0,102.0
SKRZYNIA_4640_0_STOPNI_1OBR,1149,486,1,0,116.4
CLEAN-R1,43,3,0,1,140.0
CLEAN-R1,230,35,1,0,103.4
SKRZYNIA_4640_90_STOPNI_10BR,3,2,1,0,103.5
SKRZYNIA_4640_90_STOPNI_10BR,7,6,0,0,116.1
SKRZYNIA_4640_90_STOPNI_10BR,16,9,0,0,116.8
SKRZYNIA_4640_90_STOPNI_10BR,21,11,0,0,113.7
SKRZYNIA_4640_90_STOPNI_10BR,26,12,0,0,106.1
SKRZYNIA_4640_90_STOPNI_10BR,32,15,0,0,114.4
SKRZYNIA_4640_90_STOPNI_10BR,37,17,0,0,112.8
SKRZYNIA_4640_90_STOPNI_10BR,42,18,0,0,118.9
SKRZYNIA_4640_90_STOPNI_10BR,48,21,0,0,114.4
SKRZYNIA_4640_90_STOPNI_10BR,53,23,0,0,112.7
SKRZYNIA_4640_90_STOPNI_10BR,58,24,0,0,118.6
SKRZYNIA_4640_90_STOPNI_10BR,64,27,0,0,114.2
SEARCH-R1,8,0,0,0,118.4
SKRZYNIA_4640_90_STOPNI_10BR,69,29,0,0,113.2
SKRZYNIA_4640_90_STOPNI_10BR,74,30,0,0,110.3
SKRZYNIA_4640_90_STOPNI_10BR,80,33,0,0,100.7
SKRZYNIA_4640_90_STOPNI_10BR,90,36,0,0,102.5
SKRZYNIA_4640_90_STOPNI_10BR,106,42,0,0,103.5
SKRZYNIA_4640_90_STOPNI_10BR,156,65,0,0,103.8
SKRZYNIA_4640_90_STOPNI_10BR,159,68,1,0,104.9
SKRZYNIA_4640_90_STOPNI_10BR,173,75,0,0,103.1
SKRZYNIA_4640_90_STOPNI_10BR,178,77,0,0,102.3
SKRZYNIA_4640_90_STOPNI_10BR,183,78,0,0,101.5
SKRZYNIA_4640_90_STOPNI_10BR,189,81,0,0,102.7
SKRZYNIA_4640_90_STOPNI_10BR,194,83,0,0,100.0
SKRZYNIA_4640_90_STOPNI_10BR,199,84,0,0,105.4
SKRZYNIA_4640_90_STOPNI_10BR,200,85,0,0,105.2
SKRZYNIA_4640_90_STOPNI_10BR,205,87,0,0,101.8
///OVERHAUL
,0,0,0,0,0
,0,0,0,0,0
,0,0,0,0,0
,0,0,0,0,0
,0,0,0,0,0
,0,0,0,0,0
,0,0,0,0,0
,0,0,0,0,0
,0,0,0,0,0
,0,0,0,0,0
,0,0,0,0,0
,0,0,0,0,0
,0,0,0,0,0
,0,0,0,0,0
,0,0,0,0,0
,0,0,0,0,0
,0,0,0,0,0
,0,0,0,0,0
,0,0,0,0,0
,0,0,0,0,0
,0,0,0,0,0
,0,0,0,0,0
,0,0,0,0,0
,0,0,0,0,0
,0,0,0,0,0
,0,0,0,0,0
,0,0,0,0,0
,0,0,0,0,0
,0,0,0,0,0
,0,0,0,0,0
,0,0,0,0,0
,0,0,0,0,0
,0,0,0,0,0
,0,0,0,0,0
,0,0,0,0,0
,0,0,0,0,0
,0,0,0,0,0
,0,0,0,0,0
,0,0,0,0,0
,0,0,0,0,0
,0,0,0,0,0
,0,0,0,0,0
,0,0,0,0,0
,0,0,0,0,0
,0,0,0,0,0
,0,0,0,0,0
,0,0,0,0,0
,0,0,0,0,0
,0,0,0,0,0
,0,0,0,0,0
///ENCNOISE-LV
,0,0,0,0,0
,0,0,0,0,0
,0,0,0,0,0
,0,0,0,0,0
,0,0,0,0,0
,0,0,0,0,0
,0,0,0,0,0
,0,0,0,0,0
,0,0,0,0,0
,0,0,0,0,0
,0,0,0,0,0
,0,0,0,0,0
,0,0,0,0,0
,0,0,0,0,0
,0,0,0,0,0
,0,0,0,0,0
,0,0,0,0,0
,0,0,0,0,0
,0,0,0,0,0
,0,0,0,0,0
,0,0,0,0,0
,0,0,0,0,0
,0,0,0,0,0
,0,0,0,0,0
,0,0,0,0,0
,0,0,0,0,0
,0,0,0,0,0
,0,0,0,0,0
,0,0,0,0,0
,0,0,0,0,0
,0,0,0,0,0
,0,0,0,0,0
,0,0,0,0,0
,0,0,0,0,0
,0,0,0,0,0
,0,0,0,0,0
,0,0,0,0,0
,0,0,0,0,0
,0,0,0,0,0
,0,0,0,0,0
,0,0,0,0,0
,0,0,0,0,0
,0,0,0,0,0
,0,0,0,0,0
,0,0,0,0,0
,0,0,0,0,0
,0,0,0,0,0
,0,0,0,0,0
,0,0,0,0,0
,0,0,0,0,0
//STEPDIAG 7
0002/11/10
///DUTY-RATIO
SKRZYNIA_4640_90_STOPNI_20BR,1177,480,1,0,101.7
SKRZYNIA_4640_90_STOPNI_20BR,1210,498,1,0,122.0
SKRZYNIA_4640_90_STOPNI_20BR,1244,509,0,0,102.8
SKRZYNIA_4640_90_STOPNI_20BR,1255,513,0,0,103.0
SKRZYNIA_4640_90_STOPNI_20BR,1257,514,1,0,115.3
SKRZYNIA_4640_90_STOPNI_20BR,1297,529,1,0,101.3
CLEAN-R1,43,3,0,1,140.6
CLEAN-R1,45,5,0,0,100.7
CLEAN-R1,230,35,1,0,103.8
MOVE_INTO_TUNNEL,3,0,0,1,130.3
SKRZYNIA_4640_-90_STOPNI_20BR,16,9,0,0,124.2
SKRZYNIA_4640_-90_STOPNI_20BR,21,11,0,0,121.2
SKRZYNIA_4640_-90_STOPNI_20BR,32,15,0,0,123.2
SKRZYNIA_4640_-90_STOPNI_20BR,37,17,0,0,120.0
SKRZYNIA_4640_-90_STOPNI_20BR,48,21,0,0,124.7
SKRZYNIA_4640_-90_STOPNI_20BR,53,23,0,0,120.3
SKRZYNIA_4640_-90_STOPNI_20BR,64,27,0,0,103.3
SEARCH-R1,8,0,0,0,107.1
SKRZYNIA_4640_-90_STOPNI_20BR,69,29,0,0,103.2
SKRZYNIA_4640_-90_STOPNI_20BR,74,30,0,0,102.5
SKRZYNIA_4640_-90_STOPNI_20BR,80,33,0,0,105.4
SKRZYNIA_4640_-90_STOPNI_20BR,85,35,0,0,106.8
SKRZYNIA_4640_-90_STOPNI_20BR,119,48,0,0,112.7
SKRZYNIA_4640_-90_STOPNI_20BR,129,55,0,0,120.4
SKRZYNIA_4640_-90_STOPNI_20BR,135,58,0,0,107.6
SKRZYNIA_4640_-90_STOPNI_20BR,140,60,0,0,107.0
SKRZYNIA_4640_-90_STOPNI_20BR,148,64,0,0,113.7
SKRZYNIA_4640_-90_STOPNI_20BR,153,66,0,0,112.1
SKRZYNIA_4640_-90_STOPNI_20BR,158,67,0,0,112.5
SKRZYNIA_4640_-90_STOPNI_20BR,164,70,0,0,116.2
SKRZYNIA_4640_-90_STOPNI_20BR,169,72,0,0,112.2
SKRZYNIA_4640_-90_STOPNI_20BR,188,80,0,0,122.5
SKRZYNIA_4640_-90_STOPNI_20BR,189,81,0,0,115.2
SKRZYNIA_4640_-90_STOPNI_20BR,197,89,1,0,105.1
SKRZYNIA_4640_-90_STOPNI_20BR,207,93,0,0,109.9
SKRZYNIA_4640_-90_STOPNI_20BR,212,95,0,0,107.0
SKRZYNIA_4640_-90_STOPNI_20BR,230,102,0,0,101.7
SKRZYNIA_4640_-90_STOPNI_20BR,665,288,0,0,106.7
SKRZYNIA_4640_-90_STOPNI_20BR,671,289,0,0,134.6
SKRZYNIA_4640_-90_STOPNI_20BR,680,292,0,0,120.7
SKRZYNIA_4640_-90_STOPNI_20BR,682,293,0,0,109.4
SKRZYNIA_4640_-90_STOPNI_20BR,758,328,0,0,114.1
SKRZYNIA_4640_-90_STOPNI_20BR,764,330,0,0,112.3
SKRZYNIA_4640_-90_STOPNI_20BR,767,331,0,0,117.4
SKRZYNIA_4640_-90_STOPNI_20BR,773,332,0,0,113.7
SKRZYNIA_4640_-90_STOPNI_20BR,781,335,0,0,113.6
SKRZYNIA_4640_-90_STOPNI_20BR,842,362,0,0,107.7
SKRZYNIA_4640_-90_STOPNI_20BR,884,381,0,0,104.9
SKRZYNIA_4640_-90_STOPNI_20BR,989,421,0,0,119.0
SKRZYNIA_4640_-90_STOPNI_20BR,992,422,0,0,128.6
///OVERHAUL
,0,0,0,0,0
,0,0,0,0,0
,0,0,0,0,0
,0,0,0,0,0
,0,0,0,0,0
,0,0,0,0,0
,0,0,0,0,0
,0,0,0,0,0
,0,0,0,0,0
,0,0,0,0,0
,0,0,0,0,0
,0,0,0,0,0
,0,0,0,0,0
,0,0,0,0,0
,0,0,0,0,0
,0,0,0,0,0
,0,0,0,0,0
,0,0,0,0,0
,0,0,0,0,0
,0,0,0,0,0
,0,0,0,0,0
,0,0,0,0,0
,0,0,0,0,0
,0,0,0,0,0
,0,0,0,0,0
,0,0,0,0,0
,0,0,0,0,0
,0,0,0,0,0
,0,0,0,0,0
,0,0,0,0,0
,0,0,0,0,0
,0,0,0,0,0
,0,0,0,0,0
,0,0,0,0,0
,0,0,0,0,0
,0,0,0,0,0
,0,0,0,0,0
,0,0,0,0,0
,0,0,0,0,0
,0,0,0,0,0
,0,0,0,0,0
,0,0,0,0,0
,0,0,0,0,0
,0,0,0,0,0
,0,0,0,0,0
,0,0,0,0,0
,0,0,0,0,0
,0,0,0,0,0
,0,0,0,0,0
,0,0,0,0,0
///ENCNOISE-LV
,0,0,0,0,0
,0,0,0,0,0
,0,0,0,0,0
,0,0,0,0,0
,0,0,0,0,0
,0,0,0,0,0
,0,0,0,0,0
,0,0,0,0,0
,0,0,0,0,0
,0,0,0,0,0
,0,0,0,0,0
,0,0,0,0,0
,0,0,0,0,0
,0,0,0,0,0
,0,0,0,0,0
,0,0,0,0,0
,0,0,0,0,0
,0,0,0,0,0
,0,0,0,0,0
,0,0,0,0,0
,0,0,0,0,0
,0,0,0,0,0
,0,0,0,0,0
,0,0,0,0,0
,0,0,0,0,0
,0,0,0,0,0
,0,0,0,0,0
,0,0,0,0,0
,0,0,0,0,0
,0,0,0,0,0
,0,0,0,0,0
,0,0,0,0,0
,0,0,0,0,0
,0,0,0,0,0
,0,0,0,0,0
,0,0,0,0,0
,0,0,0,0,0
,0,0,0,0,0
,0,0,0,0,0
,0,0,0,0,0
,0,0,0,0,0
,0,0,0,0,0
,0,0,0,0,0
,0,0,0,0,0
,0,0,0,0,0
,0,0,0,0,0
,0,0,0,0,0
,0,0,0,0,0
,0,0,0,0,0
,0,0,0,0,0
